nodeID_from,nodeID_to,country_name,country_ISO3,weight
2981,2981,Uganda,UGA,29886245.0
2981,2971,Uganda,UGA,186928.0
2981,2972,Uganda,UGA,187793.0
2981,2973,Uganda,UGA,149160.0
2981,2974,Uganda,UGA,179129.0
2981,2975,Uganda,UGA,287157.0
2981,2976,Uganda,UGA,146335.0
2981,2977,Uganda,UGA,369530.0
2981,2978,Uganda,UGA,322225.0
2981,2979,Uganda,UGA,290660.0
2981,2980,Uganda,UGA,147654.0
2981,2992,Uganda,UGA,503604.0
2981,2982,Uganda,UGA,193219.0
2981,2983,Uganda,UGA,358838.0
2981,2984,Uganda,UGA,216195.0
2981,2985,Uganda,UGA,151958.0
2981,2986,Uganda,UGA,249308.0
2981,2987,Uganda,UGA,175450.0
2981,2988,Uganda,UGA,537418.0
2981,2989,Uganda,UGA,911676.0
2981,2990,Uganda,UGA,511376.0
2981,2991,Uganda,UGA,286103.0
2981,3002,Uganda,UGA,2149950.0
2981,2993,Uganda,UGA,203950.0
2981,2994,Uganda,UGA,315038.0
2981,2995,Uganda,UGA,546516.0
2981,2996,Uganda,UGA,355858.0
2981,2997,Uganda,UGA,143598.0
2981,2998,Uganda,UGA,1372382.0
2981,2999,Uganda,UGA,242459.0
2981,3000,Uganda,UGA,193730.0
2981,3001,Uganda,UGA,275347.0
2981,3013,Uganda,UGA,191984.0
2981,3003,Uganda,UGA,387552.0
2981,3004,Uganda,UGA,14560090.0
2981,3005,Uganda,UGA,192518.0
2981,3006,Uganda,UGA,197123.0
2981,3007,Uganda,UGA,373350.0
2981,3008,Uganda,UGA,276747.0
2981,3009,Uganda,UGA,309156.0
2981,3010,Uganda,UGA,738301.0
2981,3011,Uganda,UGA,164350.0
2981,3012,Uganda,UGA,1041057.0
2981,3023,Uganda,UGA,300317.0
2981,3014,Uganda,UGA,256090.0
2981,3015,Uganda,UGA,231317.0
2981,3016,Uganda,UGA,164840.0
2981,3017,Uganda,UGA,179490.0
2981,3018,Uganda,UGA,176053.0
2981,3019,Uganda,UGA,264779.0
2981,3020,Uganda,UGA,287867.0
2981,3021,Uganda,UGA,277779.0
2981,3022,Uganda,UGA,2052271.0
2981,3024,Uganda,UGA,227248.0
2981,3025,Uganda,UGA,198914.0
2981,3026,Uganda,UGA,1408448.0
2981,3027,Uganda,UGA,384050.0
2971,2981,Uganda,UGA,186928.0
2971,2971,Uganda,UGA,11959553.0
2971,2972,Uganda,UGA,1737353.0
2971,2973,Uganda,UGA,230001.0
2971,2974,Uganda,UGA,271237.0
2971,2975,Uganda,UGA,348494.0
2971,2976,Uganda,UGA,293517.0
2971,2977,Uganda,UGA,499204.0
2971,2978,Uganda,UGA,2031228.0
2971,2979,Uganda,UGA,233544.0
2971,2980,Uganda,UGA,256680.0
2971,2992,Uganda,UGA,300464.0
2971,2982,Uganda,UGA,523000.0
2971,2983,Uganda,UGA,271885.0
2971,2984,Uganda,UGA,354363.0
2971,2985,Uganda,UGA,498720.0
2971,2986,Uganda,UGA,256456.0
2971,2987,Uganda,UGA,401685.0
2971,2988,Uganda,UGA,209002.0
2971,2989,Uganda,UGA,231876.0
2971,2990,Uganda,UGA,416609.0
2971,2991,Uganda,UGA,436447.0
2971,3002,Uganda,UGA,193148.0
2971,2993,Uganda,UGA,253308.0
2971,2994,Uganda,UGA,678207.0
2971,2995,Uganda,UGA,252928.0
2971,2996,Uganda,UGA,345619.0
2971,2997,Uganda,UGA,285012.0
2971,2998,Uganda,UGA,266877.0
2971,2999,Uganda,UGA,2880704.0
2971,3000,Uganda,UGA,541672.0
2971,3001,Uganda,UGA,210562.0
2971,3013,Uganda,UGA,3154413.0
2971,3003,Uganda,UGA,541752.0
2971,3004,Uganda,UGA,149443.0
2971,3005,Uganda,UGA,379257.0
2971,3006,Uganda,UGA,311722.0
2971,3007,Uganda,UGA,468378.0
2971,3008,Uganda,UGA,560582.0
2971,3009,Uganda,UGA,335679.0
2971,3010,Uganda,UGA,245156.0
2971,3011,Uganda,UGA,218839.0
2971,3012,Uganda,UGA,251783.0
2971,3023,Uganda,UGA,431479.0
2971,3014,Uganda,UGA,931837.0
2971,3015,Uganda,UGA,284640.0
2971,3016,Uganda,UGA,220473.0
2971,3017,Uganda,UGA,314691.0
2971,3018,Uganda,UGA,387084.0
2971,3019,Uganda,UGA,373486.0
2971,3020,Uganda,UGA,800299.0
2971,3021,Uganda,UGA,379078.0
2971,3022,Uganda,UGA,156856.0
2971,3024,Uganda,UGA,365446.0
2971,3025,Uganda,UGA,996873.0
2971,3026,Uganda,UGA,220683.0
2971,3027,Uganda,UGA,324175.0
2972,2981,Uganda,UGA,187793.0
2972,2971,Uganda,UGA,1737353.0
2972,2972,Uganda,UGA,4352480.0
2972,2973,Uganda,UGA,248486.0
2972,2974,Uganda,UGA,298717.0
2972,2975,Uganda,UGA,483584.0
2972,2976,Uganda,UGA,352925.0
2972,2977,Uganda,UGA,442575.0
2972,2978,Uganda,UGA,2241327.0
2972,2979,Uganda,UGA,210130.0
2972,2980,Uganda,UGA,244298.0
2972,2992,Uganda,UGA,360866.0
2972,2982,Uganda,UGA,544579.0
2972,2983,Uganda,UGA,289963.0
2972,2984,Uganda,UGA,483671.0
2972,2985,Uganda,UGA,682864.0
2972,2986,Uganda,UGA,216424.0
2972,2987,Uganda,UGA,341424.0
2972,2988,Uganda,UGA,221992.0
2972,2989,Uganda,UGA,267639.0
2972,2990,Uganda,UGA,386045.0
2972,2991,Uganda,UGA,524770.0
2972,3002,Uganda,UGA,201269.0
2972,2993,Uganda,UGA,202665.0
2972,2994,Uganda,UGA,1286457.0
2972,2995,Uganda,UGA,299969.0
2972,2996,Uganda,UGA,341546.0
2972,2997,Uganda,UGA,271861.0
2972,2998,Uganda,UGA,281520.0
2972,2999,Uganda,UGA,2028405.0
2972,3000,Uganda,UGA,478891.0
2972,3001,Uganda,UGA,213922.0
2972,3013,Uganda,UGA,1034702.0
2972,3003,Uganda,UGA,493966.0
2972,3004,Uganda,UGA,182925.0
2972,3005,Uganda,UGA,346874.0
2972,3006,Uganda,UGA,299308.0
2972,3007,Uganda,UGA,524553.0
2972,3008,Uganda,UGA,468167.0
2972,3009,Uganda,UGA,421328.0
2972,3010,Uganda,UGA,268385.0
2972,3011,Uganda,UGA,232316.0
2972,3012,Uganda,UGA,361845.0
2972,3023,Uganda,UGA,392228.0
2972,3014,Uganda,UGA,693246.0
2972,3015,Uganda,UGA,282646.0
2972,3016,Uganda,UGA,252561.0
2972,3017,Uganda,UGA,258381.0
2972,3018,Uganda,UGA,404962.0
2972,3019,Uganda,UGA,487458.0
2972,3020,Uganda,UGA,700717.0
2972,3021,Uganda,UGA,373846.0
2972,3022,Uganda,UGA,163628.0
2972,3024,Uganda,UGA,360922.0
2972,3025,Uganda,UGA,756947.0
2972,3026,Uganda,UGA,270195.0
2972,3027,Uganda,UGA,338218.0
2973,2981,Uganda,UGA,149160.0
2973,2971,Uganda,UGA,230001.0
2973,2972,Uganda,UGA,248486.0
2973,2973,Uganda,UGA,32880755.0
2973,2974,Uganda,UGA,609511.0
2973,2975,Uganda,UGA,217133.0
2973,2976,Uganda,UGA,338992.0
2973,2977,Uganda,UGA,668664.0
2973,2978,Uganda,UGA,208006.0
2973,2979,Uganda,UGA,1178450.0
2973,2980,Uganda,UGA,5201175.0
2973,2992,Uganda,UGA,338591.0
2973,2982,Uganda,UGA,346871.0
2973,2983,Uganda,UGA,666975.0
2973,2984,Uganda,UGA,357839.0
2973,2985,Uganda,UGA,201304.0
2973,2986,Uganda,UGA,461894.0
2973,2987,Uganda,UGA,435676.0
2973,2988,Uganda,UGA,6245283.0
2973,2989,Uganda,UGA,216509.0
2973,2990,Uganda,UGA,363152.0
2973,2991,Uganda,UGA,229331.0
2973,3002,Uganda,UGA,146120.0
2973,2993,Uganda,UGA,525840.0
2973,2994,Uganda,UGA,555278.0
2973,2995,Uganda,UGA,199347.0
2973,2996,Uganda,UGA,294324.0
2973,2997,Uganda,UGA,296648.0
2973,2998,Uganda,UGA,307524.0
2973,2999,Uganda,UGA,230962.0
2973,3000,Uganda,UGA,202424.0
2973,3001,Uganda,UGA,1284135.0
2973,3013,Uganda,UGA,221965.0
2973,3003,Uganda,UGA,279686.0
2973,3004,Uganda,UGA,176845.0
2973,3005,Uganda,UGA,339607.0
2973,3006,Uganda,UGA,357995.0
2973,3007,Uganda,UGA,323516.0
2973,3008,Uganda,UGA,189599.0
2973,3009,Uganda,UGA,402704.0
2973,3010,Uganda,UGA,281779.0
2973,3011,Uganda,UGA,4207147.0
2973,3012,Uganda,UGA,179696.0
2973,3023,Uganda,UGA,511748.0
2973,3014,Uganda,UGA,264311.0
2973,3015,Uganda,UGA,417262.0
2973,3016,Uganda,UGA,4332764.0
2973,3017,Uganda,UGA,547756.0
2973,3018,Uganda,UGA,179154.0
2973,3019,Uganda,UGA,215439.0
2973,3020,Uganda,UGA,262208.0
2973,3021,Uganda,UGA,425257.0
2973,3022,Uganda,UGA,119078.0
2973,3024,Uganda,UGA,1514878.0
2973,3025,Uganda,UGA,224281.0
2973,3026,Uganda,UGA,182357.0
2973,3027,Uganda,UGA,403236.0
2974,2981,Uganda,UGA,179129.0
2974,2971,Uganda,UGA,271237.0
2974,2972,Uganda,UGA,298717.0
2974,2973,Uganda,UGA,609511.0
2974,2974,Uganda,UGA,23591383.0
2974,2975,Uganda,UGA,220518.0
2974,2976,Uganda,UGA,313571.0
2974,2977,Uganda,UGA,670219.0
2974,2978,Uganda,UGA,297123.0
2974,2979,Uganda,UGA,3002827.0
2974,2980,Uganda,UGA,600638.0
2974,2992,Uganda,UGA,360242.0
2974,2982,Uganda,UGA,370305.0
2974,2983,Uganda,UGA,2261956.0
2974,2984,Uganda,UGA,318294.0
2974,2985,Uganda,UGA,286082.0
2974,2986,Uganda,UGA,1555888.0
2974,2987,Uganda,UGA,413075.0
2974,2988,Uganda,UGA,514889.0
2974,2989,Uganda,UGA,250284.0
2974,2990,Uganda,UGA,295881.0
2974,2991,Uganda,UGA,257151.0
2974,3002,Uganda,UGA,197105.0
2974,2993,Uganda,UGA,6299027.0
2974,2994,Uganda,UGA,554435.0
2974,2995,Uganda,UGA,242331.0
2974,2996,Uganda,UGA,364690.0
2974,2997,Uganda,UGA,292889.0
2974,2998,Uganda,UGA,458958.0
2974,2999,Uganda,UGA,300891.0
2974,3000,Uganda,UGA,227929.0
2974,3001,Uganda,UGA,631828.0
2974,3013,Uganda,UGA,223542.0
2974,3003,Uganda,UGA,317692.0
2974,3004,Uganda,UGA,177843.0
2974,3005,Uganda,UGA,413764.0
2974,3006,Uganda,UGA,633346.0
2974,3007,Uganda,UGA,344225.0
2974,3008,Uganda,UGA,302677.0
2974,3009,Uganda,UGA,513797.0
2974,3010,Uganda,UGA,452850.0
2974,3011,Uganda,UGA,588824.0
2974,3012,Uganda,UGA,256938.0
2974,3023,Uganda,UGA,4870174.0
2974,3014,Uganda,UGA,387619.0
2974,3015,Uganda,UGA,331736.0
2974,3016,Uganda,UGA,554387.0
2974,3017,Uganda,UGA,435868.0
2974,3018,Uganda,UGA,265914.0
2974,3019,Uganda,UGA,268728.0
2974,3020,Uganda,UGA,345481.0
2974,3021,Uganda,UGA,453271.0
2974,3022,Uganda,UGA,152020.0
2974,3024,Uganda,UGA,1066444.0
2974,3025,Uganda,UGA,321469.0
2974,3026,Uganda,UGA,250662.0
2974,3027,Uganda,UGA,1062202.0
2975,2981,Uganda,UGA,287157.0
2975,2971,Uganda,UGA,348494.0
2975,2972,Uganda,UGA,483584.0
2975,2973,Uganda,UGA,217133.0
2975,2974,Uganda,UGA,220518.0
2975,2975,Uganda,UGA,51939156.0
2975,2976,Uganda,UGA,230266.0
2975,2977,Uganda,UGA,497651.0
2975,2978,Uganda,UGA,710862.0
2975,2979,Uganda,UGA,167325.0
2975,2980,Uganda,UGA,241645.0
2975,2992,Uganda,UGA,1942374.0
2975,2982,Uganda,UGA,742770.0
2975,2983,Uganda,UGA,305974.0
2975,2984,Uganda,UGA,2962130.0
2975,2985,Uganda,UGA,286088.0
2975,2986,Uganda,UGA,174016.0
2975,2987,Uganda,UGA,236923.0
2975,2988,Uganda,UGA,184807.0
2975,2989,Uganda,UGA,856622.0
2975,2990,Uganda,UGA,1139191.0
2975,2991,Uganda,UGA,2535849.0
2975,3002,Uganda,UGA,213233.0
2975,2993,Uganda,UGA,179920.0
2975,2994,Uganda,UGA,594435.0
2975,2995,Uganda,UGA,3381411.0
2975,2996,Uganda,UGA,413955.0
2975,2997,Uganda,UGA,210657.0
2975,2998,Uganda,UGA,425501.0
2975,2999,Uganda,UGA,460601.0
2975,3000,Uganda,UGA,529261.0
2975,3001,Uganda,UGA,181867.0
2975,3013,Uganda,UGA,488030.0
2975,3003,Uganda,UGA,1342411.0
2975,3004,Uganda,UGA,227033.0
2975,3005,Uganda,UGA,243155.0
2975,3006,Uganda,UGA,326635.0
2975,3007,Uganda,UGA,337711.0
2975,3008,Uganda,UGA,784416.0
2975,3009,Uganda,UGA,803857.0
2975,3010,Uganda,UGA,596508.0
2975,3011,Uganda,UGA,185948.0
2975,3012,Uganda,UGA,517265.0
2975,3023,Uganda,UGA,330119.0
2975,3014,Uganda,UGA,819238.0
2975,3015,Uganda,UGA,218048.0
2975,3016,Uganda,UGA,205917.0
2975,3017,Uganda,UGA,136678.0
2975,3018,Uganda,UGA,477254.0
2975,3019,Uganda,UGA,6499354.0
2975,3020,Uganda,UGA,678099.0
2975,3021,Uganda,UGA,317659.0
2975,3022,Uganda,UGA,193967.0
2975,3024,Uganda,UGA,267216.0
2975,3025,Uganda,UGA,394853.0
2975,3026,Uganda,UGA,926181.0
2975,3027,Uganda,UGA,252288.0
2976,2981,Uganda,UGA,146335.0
2976,2971,Uganda,UGA,293517.0
2976,2972,Uganda,UGA,352925.0
2976,2973,Uganda,UGA,338992.0
2976,2974,Uganda,UGA,313571.0
2976,2975,Uganda,UGA,230266.0
2976,2976,Uganda,UGA,57160200.0
2976,2977,Uganda,UGA,462763.0
2976,2978,Uganda,UGA,319814.0
2976,2979,Uganda,UGA,214856.0
2976,2980,Uganda,UGA,241373.0
2976,2992,Uganda,UGA,205350.0
2976,2982,Uganda,UGA,291183.0
2976,2983,Uganda,UGA,329517.0
2976,2984,Uganda,UGA,472854.0
2976,2985,Uganda,UGA,503935.0
2976,2986,Uganda,UGA,261381.0
2976,2987,Uganda,UGA,405126.0
2976,2988,Uganda,UGA,210460.0
2976,2989,Uganda,UGA,225067.0
2976,2990,Uganda,UGA,256427.0
2976,2991,Uganda,UGA,539983.0
2976,3002,Uganda,UGA,236003.0
2976,2993,Uganda,UGA,329230.0
2976,2994,Uganda,UGA,719130.0
2976,2995,Uganda,UGA,257503.0
2976,2996,Uganda,UGA,296267.0
2976,2997,Uganda,UGA,1549619.0
2976,2998,Uganda,UGA,272779.0
2976,2999,Uganda,UGA,407927.0
2976,3000,Uganda,UGA,271057.0
2976,3001,Uganda,UGA,285141.0
2976,3013,Uganda,UGA,289598.0
2976,3003,Uganda,UGA,184944.0
2976,3004,Uganda,UGA,134695.0
2976,3005,Uganda,UGA,631325.0
2976,3006,Uganda,UGA,367476.0
2976,3007,Uganda,UGA,382437.0
2976,3008,Uganda,UGA,125106.0
2976,3009,Uganda,UGA,318966.0
2976,3010,Uganda,UGA,302105.0
2976,3011,Uganda,UGA,334796.0
2976,3012,Uganda,UGA,179893.0
2976,3023,Uganda,UGA,308700.0
2976,3014,Uganda,UGA,383599.0
2976,3015,Uganda,UGA,953043.0
2976,3016,Uganda,UGA,372973.0
2976,3017,Uganda,UGA,1103250.0
2976,3018,Uganda,UGA,269249.0
2976,3019,Uganda,UGA,430891.0
2976,3020,Uganda,UGA,323851.0
2976,3021,Uganda,UGA,463028.0
2976,3022,Uganda,UGA,233236.0
2976,3024,Uganda,UGA,396221.0
2976,3025,Uganda,UGA,264731.0
2976,3026,Uganda,UGA,215883.0
2976,3027,Uganda,UGA,361592.0
2977,2981,Uganda,UGA,369530.0
2977,2971,Uganda,UGA,499204.0
2977,2972,Uganda,UGA,442575.0
2977,2973,Uganda,UGA,668664.0
2977,2974,Uganda,UGA,670219.0
2977,2975,Uganda,UGA,497651.0
2977,2976,Uganda,UGA,462763.0
2977,2977,Uganda,UGA,559288.0
2977,2978,Uganda,UGA,504889.0
2977,2979,Uganda,UGA,512989.0
2977,2980,Uganda,UGA,755404.0
2977,2992,Uganda,UGA,539677.0
2977,2982,Uganda,UGA,824237.0
2977,2983,Uganda,UGA,680039.0
2977,2984,Uganda,UGA,547946.0
2977,2985,Uganda,UGA,492802.0
2977,2986,Uganda,UGA,540129.0
2977,2987,Uganda,UGA,576573.0
2977,2988,Uganda,UGA,673600.0
2977,2989,Uganda,UGA,577815.0
2977,2990,Uganda,UGA,603928.0
2977,2991,Uganda,UGA,627976.0
2977,3002,Uganda,UGA,335084.0
2977,2993,Uganda,UGA,473660.0
2977,2994,Uganda,UGA,652925.0
2977,2995,Uganda,UGA,527218.0
2977,2996,Uganda,UGA,516000.0
2977,2997,Uganda,UGA,523407.0
2977,2998,Uganda,UGA,502376.0
2977,2999,Uganda,UGA,446661.0
2977,3000,Uganda,UGA,438296.0
2977,3001,Uganda,UGA,412570.0
2977,3013,Uganda,UGA,430712.0
2977,3003,Uganda,UGA,684987.0
2977,3004,Uganda,UGA,435137.0
2977,3005,Uganda,UGA,586580.0
2977,3006,Uganda,UGA,540555.0
2977,3007,Uganda,UGA,435345.0
2977,3008,Uganda,UGA,579349.0
2977,3009,Uganda,UGA,552280.0
2977,3010,Uganda,UGA,607169.0
2977,3011,Uganda,UGA,617364.0
2977,3012,Uganda,UGA,370694.0
2977,3023,Uganda,UGA,744794.0
2977,3014,Uganda,UGA,587868.0
2977,3015,Uganda,UGA,585723.0
2977,3016,Uganda,UGA,747350.0
2977,3017,Uganda,UGA,564138.0
2977,3018,Uganda,UGA,388110.0
2977,3019,Uganda,UGA,573846.0
2977,3020,Uganda,UGA,576669.0
2977,3021,Uganda,UGA,539963.0
2977,3022,Uganda,UGA,276204.0
2977,3024,Uganda,UGA,662252.0
2977,3025,Uganda,UGA,506316.0
2977,3026,Uganda,UGA,441811.0
2977,3027,Uganda,UGA,635976.0
2978,2981,Uganda,UGA,322225.0
2978,2971,Uganda,UGA,2031228.0
2978,2972,Uganda,UGA,2241327.0
2978,2973,Uganda,UGA,208006.0
2978,2974,Uganda,UGA,297123.0
2978,2975,Uganda,UGA,710862.0
2978,2976,Uganda,UGA,319814.0
2978,2977,Uganda,UGA,504889.0
2978,2978,Uganda,UGA,27497663.0
2978,2979,Uganda,UGA,214614.0
2978,2980,Uganda,UGA,245295.0
2978,2992,Uganda,UGA,331726.0
2978,2982,Uganda,UGA,488771.0
2978,2983,Uganda,UGA,275947.0
2978,2984,Uganda,UGA,379235.0
2978,2985,Uganda,UGA,997745.0
2978,2986,Uganda,UGA,235591.0
2978,2987,Uganda,UGA,413879.0
2978,2988,Uganda,UGA,197514.0
2978,2989,Uganda,UGA,203866.0
2978,2990,Uganda,UGA,400553.0
2978,2991,Uganda,UGA,500426.0
2978,3002,Uganda,UGA,190932.0
2978,2993,Uganda,UGA,270713.0
2978,2994,Uganda,UGA,657472.0
2978,2995,Uganda,UGA,296756.0
2978,2996,Uganda,UGA,397490.0
2978,2997,Uganda,UGA,294390.0
2978,2998,Uganda,UGA,303165.0
2978,2999,Uganda,UGA,1206490.0
2978,3000,Uganda,UGA,428583.0
2978,3001,Uganda,UGA,220071.0
2978,3013,Uganda,UGA,791984.0
2978,3003,Uganda,UGA,482460.0
2978,3004,Uganda,UGA,239137.0
2978,3005,Uganda,UGA,398991.0
2978,3006,Uganda,UGA,340243.0
2978,3007,Uganda,UGA,482868.0
2978,3008,Uganda,UGA,347341.0
2978,3009,Uganda,UGA,442936.0
2978,3010,Uganda,UGA,291990.0
2978,3011,Uganda,UGA,224463.0
2978,3012,Uganda,UGA,263446.0
2978,3023,Uganda,UGA,378499.0
2978,3014,Uganda,UGA,671046.0
2978,3015,Uganda,UGA,280171.0
2978,3016,Uganda,UGA,212954.0
2978,3017,Uganda,UGA,330632.0
2978,3018,Uganda,UGA,326154.0
2978,3019,Uganda,UGA,436858.0
2978,3020,Uganda,UGA,600001.0
2978,3021,Uganda,UGA,383963.0
2978,3022,Uganda,UGA,223027.0
2978,3024,Uganda,UGA,415798.0
2978,3025,Uganda,UGA,595981.0
2978,3026,Uganda,UGA,249716.0
2978,3027,Uganda,UGA,358760.0
2979,2981,Uganda,UGA,290660.0
2979,2971,Uganda,UGA,233544.0
2979,2972,Uganda,UGA,210130.0
2979,2973,Uganda,UGA,1178450.0
2979,2974,Uganda,UGA,3002827.0
2979,2975,Uganda,UGA,167325.0
2979,2976,Uganda,UGA,214856.0
2979,2977,Uganda,UGA,512989.0
2979,2978,Uganda,UGA,214614.0
2979,2979,Uganda,UGA,51495413.0
2979,2980,Uganda,UGA,870660.0
2979,2992,Uganda,UGA,270478.0
2979,2982,Uganda,UGA,235155.0
2979,2983,Uganda,UGA,1057538.0
2979,2984,Uganda,UGA,387000.0
2979,2985,Uganda,UGA,295604.0
2979,2986,Uganda,UGA,947510.0
2979,2987,Uganda,UGA,288486.0
2979,2988,Uganda,UGA,943173.0
2979,2989,Uganda,UGA,314390.0
2979,2990,Uganda,UGA,272242.0
2979,2991,Uganda,UGA,171313.0
2979,3002,Uganda,UGA,218454.0
2979,2993,Uganda,UGA,1990017.0
2979,2994,Uganda,UGA,477506.0
2979,2995,Uganda,UGA,209729.0
2979,2996,Uganda,UGA,372460.0
2979,2997,Uganda,UGA,256137.0
2979,2998,Uganda,UGA,309950.0
2979,2999,Uganda,UGA,193262.0
2979,3000,Uganda,UGA,188883.0
2979,3001,Uganda,UGA,1536308.0
2979,3013,Uganda,UGA,204713.0
2979,3003,Uganda,UGA,191317.0
2979,3004,Uganda,UGA,336282.0
2979,3005,Uganda,UGA,331499.0
2979,3006,Uganda,UGA,400276.0
2979,3007,Uganda,UGA,282815.0
2979,3008,Uganda,UGA,267694.0
2979,3009,Uganda,UGA,392596.0
2979,3010,Uganda,UGA,203481.0
2979,3011,Uganda,UGA,1011976.0
2979,3012,Uganda,UGA,198032.0
2979,3023,Uganda,UGA,885159.0
2979,3014,Uganda,UGA,238904.0
2979,3015,Uganda,UGA,324757.0
2979,3016,Uganda,UGA,904642.0
2979,3017,Uganda,UGA,498739.0
2979,3018,Uganda,UGA,146625.0
2979,3019,Uganda,UGA,201066.0
2979,3020,Uganda,UGA,232013.0
2979,3021,Uganda,UGA,346035.0
2979,3022,Uganda,UGA,215670.0
2979,3024,Uganda,UGA,1342810.0
2979,3025,Uganda,UGA,287931.0
2979,3026,Uganda,UGA,205254.0
2979,3027,Uganda,UGA,567058.0
2980,2981,Uganda,UGA,147654.0
2980,2971,Uganda,UGA,256680.0
2980,2972,Uganda,UGA,244298.0
2980,2973,Uganda,UGA,5201175.0
2980,2974,Uganda,UGA,600638.0
2980,2975,Uganda,UGA,241645.0
2980,2976,Uganda,UGA,241373.0
2980,2977,Uganda,UGA,755404.0
2980,2978,Uganda,UGA,245295.0
2980,2979,Uganda,UGA,870660.0
2980,2980,Uganda,UGA,71696511.0
2980,2992,Uganda,UGA,438823.0
2980,2982,Uganda,UGA,290819.0
2980,2983,Uganda,UGA,1128681.0
2980,2984,Uganda,UGA,319136.0
2980,2985,Uganda,UGA,252087.0
2980,2986,Uganda,UGA,494360.0
2980,2987,Uganda,UGA,394707.0
2980,2988,Uganda,UGA,3452187.0
2980,2989,Uganda,UGA,270079.0
2980,2990,Uganda,UGA,516891.0
2980,2991,Uganda,UGA,295928.0
2980,3002,Uganda,UGA,135634.0
2980,2993,Uganda,UGA,483578.0
2980,2994,Uganda,UGA,710049.0
2980,2995,Uganda,UGA,196312.0
2980,2996,Uganda,UGA,345443.0
2980,2997,Uganda,UGA,254215.0
2980,2998,Uganda,UGA,296237.0
2980,2999,Uganda,UGA,269831.0
2980,3000,Uganda,UGA,202174.0
2980,3001,Uganda,UGA,1202491.0
2980,3013,Uganda,UGA,200924.0
2980,3003,Uganda,UGA,292882.0
2980,3004,Uganda,UGA,114159.0
2980,3005,Uganda,UGA,349800.0
2980,3006,Uganda,UGA,373729.0
2980,3007,Uganda,UGA,352092.0
2980,3008,Uganda,UGA,384452.0
2980,3009,Uganda,UGA,443453.0
2980,3010,Uganda,UGA,522607.0
2980,3011,Uganda,UGA,3558150.0
2980,3012,Uganda,UGA,168059.0
2980,3023,Uganda,UGA,563483.0
2980,3014,Uganda,UGA,323759.0
2980,3015,Uganda,UGA,360627.0
2980,3016,Uganda,UGA,8302883.0
2980,3017,Uganda,UGA,365051.0
2980,3018,Uganda,UGA,147989.0
2980,3019,Uganda,UGA,381271.0
2980,3020,Uganda,UGA,263705.0
2980,3021,Uganda,UGA,441770.0
2980,3022,Uganda,UGA,140618.0
2980,3024,Uganda,UGA,1754014.0
2980,3025,Uganda,UGA,266208.0
2980,3026,Uganda,UGA,236345.0
2980,3027,Uganda,UGA,398423.0
2992,2981,Uganda,UGA,503604.0
2992,2971,Uganda,UGA,300464.0
2992,2972,Uganda,UGA,360866.0
2992,2973,Uganda,UGA,338591.0
2992,2974,Uganda,UGA,360242.0
2992,2975,Uganda,UGA,1942374.0
2992,2976,Uganda,UGA,205350.0
2992,2977,Uganda,UGA,539677.0
2992,2978,Uganda,UGA,331726.0
2992,2979,Uganda,UGA,270478.0
2992,2980,Uganda,UGA,438823.0
2992,2992,Uganda,UGA,32707681.0
2992,2982,Uganda,UGA,393468.0
2992,2983,Uganda,UGA,307801.0
2992,2984,Uganda,UGA,772865.0
2992,2985,Uganda,UGA,231790.0
2992,2986,Uganda,UGA,284454.0
2992,2987,Uganda,UGA,372700.0
2992,2988,Uganda,UGA,267223.0
2992,2989,Uganda,UGA,1735638.0
2992,2990,Uganda,UGA,1613493.0
2992,2991,Uganda,UGA,814535.0
2992,3002,Uganda,UGA,412241.0
2992,2993,Uganda,UGA,180439.0
2992,2994,Uganda,UGA,406426.0
2992,2995,Uganda,UGA,10004951.0
2992,2996,Uganda,UGA,425791.0
2992,2997,Uganda,UGA,230659.0
2992,2998,Uganda,UGA,1800300.0
2992,2999,Uganda,UGA,319606.0
2992,3000,Uganda,UGA,392427.0
2992,3001,Uganda,UGA,215824.0
2992,3013,Uganda,UGA,242402.0
2992,3003,Uganda,UGA,962878.0
2992,3004,Uganda,UGA,436076.0
2992,3005,Uganda,UGA,278243.0
2992,3006,Uganda,UGA,279828.0
2992,3007,Uganda,UGA,289697.0
2992,3008,Uganda,UGA,718734.0
2992,3009,Uganda,UGA,678709.0
2992,3010,Uganda,UGA,857064.0
2992,3011,Uganda,UGA,285302.0
2992,3012,Uganda,UGA,1378629.0
2992,3023,Uganda,UGA,927185.0
2992,3014,Uganda,UGA,488803.0
2992,3015,Uganda,UGA,217459.0
2992,3016,Uganda,UGA,344814.0
2992,3017,Uganda,UGA,227927.0
2992,3018,Uganda,UGA,377023.0
2992,3019,Uganda,UGA,832366.0
2992,3020,Uganda,UGA,482943.0
2992,3021,Uganda,UGA,298707.0
2992,3022,Uganda,UGA,510542.0
2992,3024,Uganda,UGA,327481.0
2992,3025,Uganda,UGA,324499.0
2992,3026,Uganda,UGA,2114646.0
2992,3027,Uganda,UGA,681223.0
2982,2981,Uganda,UGA,193219.0
2982,2971,Uganda,UGA,523000.0
2982,2972,Uganda,UGA,544579.0
2982,2973,Uganda,UGA,346871.0
2982,2974,Uganda,UGA,370305.0
2982,2975,Uganda,UGA,742770.0
2982,2976,Uganda,UGA,291183.0
2982,2977,Uganda,UGA,824237.0
2982,2978,Uganda,UGA,488771.0
2982,2979,Uganda,UGA,235155.0
2982,2980,Uganda,UGA,290819.0
2982,2992,Uganda,UGA,393468.0
2982,2982,Uganda,UGA,84893278.0
2982,2983,Uganda,UGA,398392.0
2982,2984,Uganda,UGA,1700252.0
2982,2985,Uganda,UGA,291828.0
2982,2986,Uganda,UGA,228409.0
2982,2987,Uganda,UGA,247773.0
2982,2988,Uganda,UGA,423012.0
2982,2989,Uganda,UGA,404373.0
2982,2990,Uganda,UGA,1881970.0
2982,2991,Uganda,UGA,1432024.0
2982,3002,Uganda,UGA,205557.0
2982,2993,Uganda,UGA,245012.0
2982,2994,Uganda,UGA,576830.0
2982,2995,Uganda,UGA,643537.0
2982,2996,Uganda,UGA,416157.0
2982,2997,Uganda,UGA,231674.0
2982,2998,Uganda,UGA,390227.0
2982,2999,Uganda,UGA,631695.0
2982,3000,Uganda,UGA,2015377.0
2982,3001,Uganda,UGA,226590.0
2982,3013,Uganda,UGA,427694.0
2982,3003,Uganda,UGA,2734168.0
2982,3004,Uganda,UGA,328014.0
2982,3005,Uganda,UGA,272097.0
2982,3006,Uganda,UGA,409052.0
2982,3007,Uganda,UGA,424333.0
2982,3008,Uganda,UGA,10537235.0
2982,3009,Uganda,UGA,570619.0
2982,3010,Uganda,UGA,379031.0
2982,3011,Uganda,UGA,328358.0
2982,3012,Uganda,UGA,357196.0
2982,3023,Uganda,UGA,511609.0
2982,3014,Uganda,UGA,2807548.0
2982,3015,Uganda,UGA,230388.0
2982,3016,Uganda,UGA,198320.0
2982,3017,Uganda,UGA,188768.0
2982,3018,Uganda,UGA,2879240.0
2982,3019,Uganda,UGA,1195956.0
2982,3020,Uganda,UGA,1165962.0
2982,3021,Uganda,UGA,350511.0
2982,3022,Uganda,UGA,218258.0
2982,3024,Uganda,UGA,1001185.0
2982,3025,Uganda,UGA,798801.0
2982,3026,Uganda,UGA,444415.0
2982,3027,Uganda,UGA,334067.0
2983,2981,Uganda,UGA,358838.0
2983,2971,Uganda,UGA,271885.0
2983,2972,Uganda,UGA,289963.0
2983,2973,Uganda,UGA,666975.0
2983,2974,Uganda,UGA,2261956.0
2983,2975,Uganda,UGA,305974.0
2983,2976,Uganda,UGA,329517.0
2983,2977,Uganda,UGA,680039.0
2983,2978,Uganda,UGA,275947.0
2983,2979,Uganda,UGA,1057538.0
2983,2980,Uganda,UGA,1128681.0
2983,2992,Uganda,UGA,307801.0
2983,2982,Uganda,UGA,398392.0
2983,2983,Uganda,UGA,26627239.0
2983,2984,Uganda,UGA,263477.0
2983,2985,Uganda,UGA,311961.0
2983,2986,Uganda,UGA,681800.0
2983,2987,Uganda,UGA,441606.0
2983,2988,Uganda,UGA,625272.0
2983,2989,Uganda,UGA,240644.0
2983,2990,Uganda,UGA,408640.0
2983,2991,Uganda,UGA,307215.0
2983,3002,Uganda,UGA,218428.0
2983,2993,Uganda,UGA,821911.0
2983,2994,Uganda,UGA,608463.0
2983,2995,Uganda,UGA,254764.0
2983,2996,Uganda,UGA,397355.0
2983,2997,Uganda,UGA,332625.0
2983,2998,Uganda,UGA,323340.0
2983,2999,Uganda,UGA,342103.0
2983,3000,Uganda,UGA,265436.0
2983,3001,Uganda,UGA,658691.0
2983,3013,Uganda,UGA,247474.0
2983,3003,Uganda,UGA,338729.0
2983,3004,Uganda,UGA,208575.0
2983,3005,Uganda,UGA,395434.0
2983,3006,Uganda,UGA,479985.0
2983,3007,Uganda,UGA,346969.0
2983,3008,Uganda,UGA,324600.0
2983,3009,Uganda,UGA,586456.0
2983,3010,Uganda,UGA,356342.0
2983,3011,Uganda,UGA,568834.0
2983,3012,Uganda,UGA,380723.0
2983,3023,Uganda,UGA,5396866.0
2983,3014,Uganda,UGA,367610.0
2983,3015,Uganda,UGA,382030.0
2983,3016,Uganda,UGA,575473.0
2983,3017,Uganda,UGA,463525.0
2983,3018,Uganda,UGA,237578.0
2983,3019,Uganda,UGA,246792.0
2983,3020,Uganda,UGA,381712.0
2983,3021,Uganda,UGA,423677.0
2983,3022,Uganda,UGA,202888.0
2983,3024,Uganda,UGA,1731761.0
2983,3025,Uganda,UGA,321870.0
2983,3026,Uganda,UGA,249851.0
2983,3027,Uganda,UGA,521783.0
2984,2981,Uganda,UGA,216195.0
2984,2971,Uganda,UGA,354363.0
2984,2972,Uganda,UGA,483671.0
2984,2973,Uganda,UGA,357839.0
2984,2974,Uganda,UGA,318294.0
2984,2975,Uganda,UGA,2962130.0
2984,2976,Uganda,UGA,472854.0
2984,2977,Uganda,UGA,547946.0
2984,2978,Uganda,UGA,379235.0
2984,2979,Uganda,UGA,387000.0
2984,2980,Uganda,UGA,319136.0
2984,2992,Uganda,UGA,772865.0
2984,2982,Uganda,UGA,1700252.0
2984,2983,Uganda,UGA,263477.0
2984,2984,Uganda,UGA,52023755.0
2984,2985,Uganda,UGA,227384.0
2984,2986,Uganda,UGA,239723.0
2984,2987,Uganda,UGA,293562.0
2984,2988,Uganda,UGA,175568.0
2984,2989,Uganda,UGA,623573.0
2984,2990,Uganda,UGA,3379909.0
2984,2991,Uganda,UGA,6622913.0
2984,3002,Uganda,UGA,220756.0
2984,2993,Uganda,UGA,180750.0
2984,2994,Uganda,UGA,474032.0
2984,2995,Uganda,UGA,916084.0
2984,2996,Uganda,UGA,452786.0
2984,2997,Uganda,UGA,235121.0
2984,2998,Uganda,UGA,438704.0
2984,2999,Uganda,UGA,418266.0
2984,3000,Uganda,UGA,777603.0
2984,3001,Uganda,UGA,218777.0
2984,3013,Uganda,UGA,377368.0
2984,3003,Uganda,UGA,7337048.0
2984,3004,Uganda,UGA,291139.0
2984,3005,Uganda,UGA,243401.0
2984,3006,Uganda,UGA,324867.0
2984,3007,Uganda,UGA,352876.0
2984,3008,Uganda,UGA,4508150.0
2984,3009,Uganda,UGA,581048.0
2984,3010,Uganda,UGA,356809.0
2984,3011,Uganda,UGA,244984.0
2984,3012,Uganda,UGA,533130.0
2984,3023,Uganda,UGA,544809.0
2984,3014,Uganda,UGA,1463858.0
2984,3015,Uganda,UGA,253706.0
2984,3016,Uganda,UGA,207307.0
2984,3017,Uganda,UGA,202534.0
2984,3018,Uganda,UGA,671256.0
2984,3019,Uganda,UGA,12986212.0
2984,3020,Uganda,UGA,975420.0
2984,3021,Uganda,UGA,305916.0
2984,3022,Uganda,UGA,215727.0
2984,3024,Uganda,UGA,410200.0
2984,3025,Uganda,UGA,488874.0
2984,3026,Uganda,UGA,642680.0
2984,3027,Uganda,UGA,390159.0
2985,2981,Uganda,UGA,151958.0
2985,2971,Uganda,UGA,498720.0
2985,2972,Uganda,UGA,682864.0
2985,2973,Uganda,UGA,201304.0
2985,2974,Uganda,UGA,286082.0
2985,2975,Uganda,UGA,286088.0
2985,2976,Uganda,UGA,503935.0
2985,2977,Uganda,UGA,492802.0
2985,2978,Uganda,UGA,997745.0
2985,2979,Uganda,UGA,295604.0
2985,2980,Uganda,UGA,252087.0
2985,2992,Uganda,UGA,231790.0
2985,2982,Uganda,UGA,291828.0
2985,2983,Uganda,UGA,311961.0
2985,2984,Uganda,UGA,227384.0
2985,2985,Uganda,UGA,17864613.0
2985,2986,Uganda,UGA,224269.0
2985,2987,Uganda,UGA,394388.0
2985,2988,Uganda,UGA,222295.0
2985,2989,Uganda,UGA,236113.0
2985,2990,Uganda,UGA,223446.0
2985,2991,Uganda,UGA,250286.0
2985,3002,Uganda,UGA,193185.0
2985,2993,Uganda,UGA,187359.0
2985,2994,Uganda,UGA,564162.0
2985,2995,Uganda,UGA,187759.0
2985,2996,Uganda,UGA,456485.0
2985,2997,Uganda,UGA,335496.0
2985,2998,Uganda,UGA,316079.0
2985,2999,Uganda,UGA,558859.0
2985,3000,Uganda,UGA,338695.0
2985,3001,Uganda,UGA,210431.0
2985,3013,Uganda,UGA,367447.0
2985,3003,Uganda,UGA,269444.0
2985,3004,Uganda,UGA,258247.0
2985,3005,Uganda,UGA,423129.0
2985,3006,Uganda,UGA,344451.0
2985,3007,Uganda,UGA,623328.0
2985,3008,Uganda,UGA,266928.0
2985,3009,Uganda,UGA,624084.0
2985,3010,Uganda,UGA,219890.0
2985,3011,Uganda,UGA,227147.0
2985,3012,Uganda,UGA,206581.0
2985,3023,Uganda,UGA,325844.0
2985,3014,Uganda,UGA,483045.0
2985,3015,Uganda,UGA,402544.0
2985,3016,Uganda,UGA,214641.0
2985,3017,Uganda,UGA,321544.0
2985,3018,Uganda,UGA,352170.0
2985,3019,Uganda,UGA,265276.0
2985,3020,Uganda,UGA,413123.0
2985,3021,Uganda,UGA,430112.0
2985,3022,Uganda,UGA,144941.0
2985,3024,Uganda,UGA,297621.0
2985,3025,Uganda,UGA,453464.0
2985,3026,Uganda,UGA,209556.0
2985,3027,Uganda,UGA,328543.0
2986,2981,Uganda,UGA,249308.0
2986,2971,Uganda,UGA,256456.0
2986,2972,Uganda,UGA,216424.0
2986,2973,Uganda,UGA,461894.0
2986,2974,Uganda,UGA,1555888.0
2986,2975,Uganda,UGA,174016.0
2986,2976,Uganda,UGA,261381.0
2986,2977,Uganda,UGA,540129.0
2986,2978,Uganda,UGA,235591.0
2986,2979,Uganda,UGA,947510.0
2986,2980,Uganda,UGA,494360.0
2986,2992,Uganda,UGA,284454.0
2986,2982,Uganda,UGA,228409.0
2986,2983,Uganda,UGA,681800.0
2986,2984,Uganda,UGA,239723.0
2986,2985,Uganda,UGA,224269.0
2986,2986,Uganda,UGA,30688544.0
2986,2987,Uganda,UGA,940029.0
2986,2988,Uganda,UGA,468192.0
2986,2989,Uganda,UGA,275462.0
2986,2990,Uganda,UGA,245983.0
2986,2991,Uganda,UGA,307631.0
2986,3002,Uganda,UGA,226720.0
2986,2993,Uganda,UGA,2164235.0
2986,2994,Uganda,UGA,368828.0
2986,2995,Uganda,UGA,226500.0
2986,2996,Uganda,UGA,354821.0
2986,2997,Uganda,UGA,241672.0
2986,2998,Uganda,UGA,973916.0
2986,2999,Uganda,UGA,225321.0
2986,3000,Uganda,UGA,186449.0
2986,3001,Uganda,UGA,384273.0
2986,3013,Uganda,UGA,201461.0
2986,3003,Uganda,UGA,281956.0
2986,3004,Uganda,UGA,215876.0
2986,3005,Uganda,UGA,297024.0
2986,3006,Uganda,UGA,963246.0
2986,3007,Uganda,UGA,307641.0
2986,3008,Uganda,UGA,254078.0
2986,3009,Uganda,UGA,318787.0
2986,3010,Uganda,UGA,431068.0
2986,3011,Uganda,UGA,363694.0
2986,3012,Uganda,UGA,313485.0
2986,3023,Uganda,UGA,1230609.0
2986,3014,Uganda,UGA,285119.0
2986,3015,Uganda,UGA,254390.0
2986,3016,Uganda,UGA,354818.0
2986,3017,Uganda,UGA,517102.0
2986,3018,Uganda,UGA,171125.0
2986,3019,Uganda,UGA,233470.0
2986,3020,Uganda,UGA,231031.0
2986,3021,Uganda,UGA,303889.0
2986,3022,Uganda,UGA,223271.0
2986,3024,Uganda,UGA,599525.0
2986,3025,Uganda,UGA,224084.0
2986,3026,Uganda,UGA,263680.0
2986,3027,Uganda,UGA,6470843.0
2987,2981,Uganda,UGA,175450.0
2987,2971,Uganda,UGA,401685.0
2987,2972,Uganda,UGA,341424.0
2987,2973,Uganda,UGA,435676.0
2987,2974,Uganda,UGA,413075.0
2987,2975,Uganda,UGA,236923.0
2987,2976,Uganda,UGA,405126.0
2987,2977,Uganda,UGA,576573.0
2987,2978,Uganda,UGA,413879.0
2987,2979,Uganda,UGA,288486.0
2987,2980,Uganda,UGA,394707.0
2987,2992,Uganda,UGA,372700.0
2987,2982,Uganda,UGA,247773.0
2987,2983,Uganda,UGA,441606.0
2987,2984,Uganda,UGA,293562.0
2987,2985,Uganda,UGA,394388.0
2987,2986,Uganda,UGA,940029.0
2987,2987,Uganda,UGA,37577234.0
2987,2988,Uganda,UGA,402022.0
2987,2989,Uganda,UGA,245693.0
2987,2990,Uganda,UGA,285873.0
2987,2991,Uganda,UGA,272143.0
2987,3002,Uganda,UGA,210084.0
2987,2993,Uganda,UGA,307763.0
2987,2994,Uganda,UGA,493304.0
2987,2995,Uganda,UGA,262349.0
2987,2996,Uganda,UGA,507220.0
2987,2997,Uganda,UGA,443021.0
2987,2998,Uganda,UGA,549431.0
2987,2999,Uganda,UGA,379503.0
2987,3000,Uganda,UGA,289992.0
2987,3001,Uganda,UGA,304208.0
2987,3013,Uganda,UGA,365061.0
2987,3003,Uganda,UGA,322485.0
2987,3004,Uganda,UGA,258573.0
2987,3005,Uganda,UGA,519101.0
2987,3006,Uganda,UGA,1009738.0
2987,3007,Uganda,UGA,360902.0
2987,3008,Uganda,UGA,222290.0
2987,3009,Uganda,UGA,556250.0
2987,3010,Uganda,UGA,277465.0
2987,3011,Uganda,UGA,325258.0
2987,3012,Uganda,UGA,240213.0
2987,3023,Uganda,UGA,571482.0
2987,3014,Uganda,UGA,473424.0
2987,3015,Uganda,UGA,498857.0
2987,3016,Uganda,UGA,447690.0
2987,3017,Uganda,UGA,600520.0
2987,3018,Uganda,UGA,267376.0
2987,3019,Uganda,UGA,254421.0
2987,3020,Uganda,UGA,339038.0
2987,3021,Uganda,UGA,480516.0
2987,3022,Uganda,UGA,185974.0
2987,3024,Uganda,UGA,402424.0
2987,3025,Uganda,UGA,461183.0
2987,3026,Uganda,UGA,244859.0
2987,3027,Uganda,UGA,1582001.0
2988,2981,Uganda,UGA,537418.0
2988,2971,Uganda,UGA,209002.0
2988,2972,Uganda,UGA,221992.0
2988,2973,Uganda,UGA,6245283.0
2988,2974,Uganda,UGA,514889.0
2988,2975,Uganda,UGA,184807.0
2988,2976,Uganda,UGA,210460.0
2988,2977,Uganda,UGA,673600.0
2988,2978,Uganda,UGA,197514.0
2988,2979,Uganda,UGA,943173.0
2988,2980,Uganda,UGA,3452187.0
2988,2992,Uganda,UGA,267223.0
2988,2982,Uganda,UGA,423012.0
2988,2983,Uganda,UGA,625272.0
2988,2984,Uganda,UGA,175568.0
2988,2985,Uganda,UGA,222295.0
2988,2986,Uganda,UGA,468192.0
2988,2987,Uganda,UGA,402022.0
2988,2988,Uganda,UGA,81775870.0
2988,2989,Uganda,UGA,252842.0
2988,2990,Uganda,UGA,402969.0
2988,2991,Uganda,UGA,299099.0
2988,3002,Uganda,UGA,195375.0
2988,2993,Uganda,UGA,354671.0
2988,2994,Uganda,UGA,390831.0
2988,2995,Uganda,UGA,209118.0
2988,2996,Uganda,UGA,354592.0
2988,2997,Uganda,UGA,339888.0
2988,2998,Uganda,UGA,290617.0
2988,2999,Uganda,UGA,190901.0
2988,3000,Uganda,UGA,166852.0
2988,3001,Uganda,UGA,651325.0
2988,3013,Uganda,UGA,188095.0
2988,3003,Uganda,UGA,219039.0
2988,3004,Uganda,UGA,143982.0
2988,3005,Uganda,UGA,305368.0
2988,3006,Uganda,UGA,408909.0
2988,3007,Uganda,UGA,290784.0
2988,3008,Uganda,UGA,367082.0
2988,3009,Uganda,UGA,365484.0
2988,3010,Uganda,UGA,385107.0
2988,3011,Uganda,UGA,1156074.0
2988,3012,Uganda,UGA,456516.0
2988,3023,Uganda,UGA,504424.0
2988,3014,Uganda,UGA,250965.0
2988,3015,Uganda,UGA,293363.0
2988,3016,Uganda,UGA,1307219.0
2988,3017,Uganda,UGA,313196.0
2988,3018,Uganda,UGA,123178.0
2988,3019,Uganda,UGA,203899.0
2988,3020,Uganda,UGA,239691.0
2988,3021,Uganda,UGA,352498.0
2988,3022,Uganda,UGA,88762.0
2988,3024,Uganda,UGA,839722.0
2988,3025,Uganda,UGA,320710.0
2988,3026,Uganda,UGA,226391.0
2988,3027,Uganda,UGA,469525.0
2989,2981,Uganda,UGA,911676.0
2989,2971,Uganda,UGA,231876.0
2989,2972,Uganda,UGA,267639.0
2989,2973,Uganda,UGA,216509.0
2989,2974,Uganda,UGA,250284.0
2989,2975,Uganda,UGA,856622.0
2989,2976,Uganda,UGA,225067.0
2989,2977,Uganda,UGA,577815.0
2989,2978,Uganda,UGA,203866.0
2989,2979,Uganda,UGA,314390.0
2989,2980,Uganda,UGA,270079.0
2989,2992,Uganda,UGA,1735638.0
2989,2982,Uganda,UGA,404373.0
2989,2983,Uganda,UGA,240644.0
2989,2984,Uganda,UGA,623573.0
2989,2985,Uganda,UGA,236113.0
2989,2986,Uganda,UGA,275462.0
2989,2987,Uganda,UGA,245693.0
2989,2988,Uganda,UGA,252842.0
2989,2989,Uganda,UGA,62732359.0
2989,2990,Uganda,UGA,4265240.0
2989,2991,Uganda,UGA,488024.0
2989,3002,Uganda,UGA,488472.0
2989,2993,Uganda,UGA,229959.0
2989,2994,Uganda,UGA,424495.0
2989,2995,Uganda,UGA,2238191.0
2989,2996,Uganda,UGA,396812.0
2989,2997,Uganda,UGA,173525.0
2989,2998,Uganda,UGA,888045.0
2989,2999,Uganda,UGA,225792.0
2989,3000,Uganda,UGA,272356.0
2989,3001,Uganda,UGA,174310.0
2989,3013,Uganda,UGA,201608.0
2989,3003,Uganda,UGA,1489200.0
2989,3004,Uganda,UGA,703772.0
2989,3005,Uganda,UGA,256154.0
2989,3006,Uganda,UGA,251339.0
2989,3007,Uganda,UGA,288284.0
2989,3008,Uganda,UGA,794706.0
2989,3009,Uganda,UGA,377441.0
2989,3010,Uganda,UGA,916932.0
2989,3011,Uganda,UGA,152114.0
2989,3012,Uganda,UGA,6686948.0
2989,3023,Uganda,UGA,383165.0
2989,3014,Uganda,UGA,497823.0
2989,3015,Uganda,UGA,184930.0
2989,3016,Uganda,UGA,146244.0
2989,3017,Uganda,UGA,226384.0
2989,3018,Uganda,UGA,187786.0
2989,3019,Uganda,UGA,663829.0
2989,3020,Uganda,UGA,483324.0
2989,3021,Uganda,UGA,292927.0
2989,3022,Uganda,UGA,833093.0
2989,3024,Uganda,UGA,381301.0
2989,3025,Uganda,UGA,310802.0
2989,3026,Uganda,UGA,9766055.0
2989,3027,Uganda,UGA,422775.0
2990,2981,Uganda,UGA,511376.0
2990,2971,Uganda,UGA,416609.0
2990,2972,Uganda,UGA,386045.0
2990,2973,Uganda,UGA,363152.0
2990,2974,Uganda,UGA,295881.0
2990,2975,Uganda,UGA,1139191.0
2990,2976,Uganda,UGA,256427.0
2990,2977,Uganda,UGA,603928.0
2990,2978,Uganda,UGA,400553.0
2990,2979,Uganda,UGA,272242.0
2990,2980,Uganda,UGA,516891.0
2990,2992,Uganda,UGA,1613493.0
2990,2982,Uganda,UGA,1881970.0
2990,2983,Uganda,UGA,408640.0
2990,2984,Uganda,UGA,3379909.0
2990,2985,Uganda,UGA,223446.0
2990,2986,Uganda,UGA,245983.0
2990,2987,Uganda,UGA,285873.0
2990,2988,Uganda,UGA,402969.0
2990,2989,Uganda,UGA,4265240.0
2990,2990,Uganda,UGA,66511973.0
2990,2991,Uganda,UGA,1750237.0
2990,3002,Uganda,UGA,308674.0
2990,2993,Uganda,UGA,269195.0
2990,2994,Uganda,UGA,444392.0
2990,2995,Uganda,UGA,2122896.0
2990,2996,Uganda,UGA,339703.0
2990,2997,Uganda,UGA,227683.0
2990,2998,Uganda,UGA,471445.0
2990,2999,Uganda,UGA,417393.0
2990,3000,Uganda,UGA,736266.0
2990,3001,Uganda,UGA,218803.0
2990,3013,Uganda,UGA,362961.0
2990,3003,Uganda,UGA,31568162.0
2990,3004,Uganda,UGA,487934.0
2990,3005,Uganda,UGA,334364.0
2990,3006,Uganda,UGA,286670.0
2990,3007,Uganda,UGA,327587.0
2990,3008,Uganda,UGA,13848001.0
2990,3009,Uganda,UGA,700843.0
2990,3010,Uganda,UGA,666517.0
2990,3011,Uganda,UGA,209968.0
2990,3012,Uganda,UGA,3470737.0
2990,3023,Uganda,UGA,711323.0
2990,3014,Uganda,UGA,993088.0
2990,3015,Uganda,UGA,205554.0
2990,3016,Uganda,UGA,182356.0
2990,3017,Uganda,UGA,241555.0
2990,3018,Uganda,UGA,561719.0
2990,3019,Uganda,UGA,2120811.0
2990,3020,Uganda,UGA,657996.0
2990,3021,Uganda,UGA,311613.0
2990,3022,Uganda,UGA,574782.0
2990,3024,Uganda,UGA,397695.0
2990,3025,Uganda,UGA,423695.0
2990,3026,Uganda,UGA,2509489.0
2990,3027,Uganda,UGA,301604.0
2991,2981,Uganda,UGA,286103.0
2991,2971,Uganda,UGA,436447.0
2991,2972,Uganda,UGA,524770.0
2991,2973,Uganda,UGA,229331.0
2991,2974,Uganda,UGA,257151.0
2991,2975,Uganda,UGA,2535849.0
2991,2976,Uganda,UGA,539983.0
2991,2977,Uganda,UGA,627976.0
2991,2978,Uganda,UGA,500426.0
2991,2979,Uganda,UGA,171313.0
2991,2980,Uganda,UGA,295928.0
2991,2992,Uganda,UGA,814535.0
2991,2982,Uganda,UGA,1432024.0
2991,2983,Uganda,UGA,307215.0
2991,2984,Uganda,UGA,6622913.0
2991,2985,Uganda,UGA,250286.0
2991,2986,Uganda,UGA,307631.0
2991,2987,Uganda,UGA,272143.0
2991,2988,Uganda,UGA,299099.0
2991,2989,Uganda,UGA,488024.0
2991,2990,Uganda,UGA,1750237.0
2991,2991,Uganda,UGA,41209867.0
2991,3002,Uganda,UGA,288897.0
2991,2993,Uganda,UGA,176358.0
2991,2994,Uganda,UGA,627143.0
2991,2995,Uganda,UGA,786840.0
2991,2996,Uganda,UGA,382294.0
2991,2997,Uganda,UGA,210715.0
2991,2998,Uganda,UGA,580354.0
2991,2999,Uganda,UGA,520766.0
2991,3000,Uganda,UGA,1418899.0
2991,3001,Uganda,UGA,215365.0
2991,3013,Uganda,UGA,304466.0
2991,3003,Uganda,UGA,2647890.0
2991,3004,Uganda,UGA,389983.0
2991,3005,Uganda,UGA,305463.0
2991,3006,Uganda,UGA,325967.0
2991,3007,Uganda,UGA,452064.0
2991,3008,Uganda,UGA,1401072.0
2991,3009,Uganda,UGA,585168.0
2991,3010,Uganda,UGA,425665.0
2991,3011,Uganda,UGA,181384.0
2991,3012,Uganda,UGA,600177.0
2991,3023,Uganda,UGA,460108.0
2991,3014,Uganda,UGA,2269436.0
2991,3015,Uganda,UGA,294827.0
2991,3016,Uganda,UGA,169461.0
2991,3017,Uganda,UGA,181564.0
2991,3018,Uganda,UGA,1479903.0
2991,3019,Uganda,UGA,10183303.0
2991,3020,Uganda,UGA,1369203.0
2991,3021,Uganda,UGA,362022.0
2991,3022,Uganda,UGA,658004.0
2991,3024,Uganda,UGA,360318.0
2991,3025,Uganda,UGA,607117.0
2991,3026,Uganda,UGA,514707.0
2991,3027,Uganda,UGA,378781.0
3002,2981,Uganda,UGA,2149950.0
3002,2971,Uganda,UGA,193148.0
3002,2972,Uganda,UGA,201269.0
3002,2973,Uganda,UGA,146120.0
3002,2974,Uganda,UGA,197105.0
3002,2975,Uganda,UGA,213233.0
3002,2976,Uganda,UGA,236003.0
3002,2977,Uganda,UGA,335084.0
3002,2978,Uganda,UGA,190932.0
3002,2979,Uganda,UGA,218454.0
3002,2980,Uganda,UGA,135634.0
3002,2992,Uganda,UGA,412241.0
3002,2982,Uganda,UGA,205557.0
3002,2983,Uganda,UGA,218428.0
3002,2984,Uganda,UGA,220756.0
3002,2985,Uganda,UGA,193185.0
3002,2986,Uganda,UGA,226720.0
3002,2987,Uganda,UGA,210084.0
3002,2988,Uganda,UGA,195375.0
3002,2989,Uganda,UGA,488472.0
3002,2990,Uganda,UGA,308674.0
3002,2991,Uganda,UGA,288897.0
3002,3002,Uganda,UGA,12508993.0
3002,2993,Uganda,UGA,188107.0
3002,2994,Uganda,UGA,353367.0
3002,2995,Uganda,UGA,337616.0
3002,2996,Uganda,UGA,372271.0
3002,2997,Uganda,UGA,152309.0
3002,2998,Uganda,UGA,821673.0
3002,2999,Uganda,UGA,189211.0
3002,3000,Uganda,UGA,177178.0
3002,3001,Uganda,UGA,169811.0
3002,3013,Uganda,UGA,149278.0
3002,3003,Uganda,UGA,352831.0
3002,3004,Uganda,UGA,4000526.0
3002,3005,Uganda,UGA,218918.0
3002,3006,Uganda,UGA,193563.0
3002,3007,Uganda,UGA,249220.0
3002,3008,Uganda,UGA,224553.0
3002,3009,Uganda,UGA,322312.0
3002,3010,Uganda,UGA,2070909.0
3002,3011,Uganda,UGA,135320.0
3002,3012,Uganda,UGA,650141.0
3002,3023,Uganda,UGA,281073.0
3002,3014,Uganda,UGA,263321.0
3002,3015,Uganda,UGA,143435.0
3002,3016,Uganda,UGA,140165.0
3002,3017,Uganda,UGA,148150.0
3002,3018,Uganda,UGA,165423.0
3002,3019,Uganda,UGA,243687.0
3002,3020,Uganda,UGA,199224.0
3002,3021,Uganda,UGA,252600.0
3002,3022,Uganda,UGA,7582159.0
3002,3024,Uganda,UGA,214619.0
3002,3025,Uganda,UGA,200392.0
3002,3026,Uganda,UGA,453715.0
3002,3027,Uganda,UGA,284210.0
2993,2981,Uganda,UGA,203950.0
2993,2971,Uganda,UGA,253308.0
2993,2972,Uganda,UGA,202665.0
2993,2973,Uganda,UGA,525840.0
2993,2974,Uganda,UGA,6299027.0
2993,2975,Uganda,UGA,179920.0
2993,2976,Uganda,UGA,329230.0
2993,2977,Uganda,UGA,473660.0
2993,2978,Uganda,UGA,270713.0
2993,2979,Uganda,UGA,1990017.0
2993,2980,Uganda,UGA,483578.0
2993,2992,Uganda,UGA,180439.0
2993,2982,Uganda,UGA,245012.0
2993,2983,Uganda,UGA,821911.0
2993,2984,Uganda,UGA,180750.0
2993,2985,Uganda,UGA,187359.0
2993,2986,Uganda,UGA,2164235.0
2993,2987,Uganda,UGA,307763.0
2993,2988,Uganda,UGA,354671.0
2993,2989,Uganda,UGA,229959.0
2993,2990,Uganda,UGA,269195.0
2993,2991,Uganda,UGA,176358.0
2993,3002,Uganda,UGA,188107.0
2993,2993,Uganda,UGA,24478699.0
2993,2994,Uganda,UGA,352946.0
2993,2995,Uganda,UGA,179761.0
2993,2996,Uganda,UGA,301294.0
2993,2997,Uganda,UGA,217986.0
2993,2998,Uganda,UGA,353994.0
2993,2999,Uganda,UGA,275018.0
2993,3000,Uganda,UGA,174610.0
2993,3001,Uganda,UGA,524511.0
2993,3013,Uganda,UGA,176617.0
2993,3003,Uganda,UGA,281450.0
2993,3004,Uganda,UGA,192150.0
2993,3005,Uganda,UGA,301199.0
2993,3006,Uganda,UGA,989025.0
2993,3007,Uganda,UGA,278368.0
2993,3008,Uganda,UGA,203899.0
2993,3009,Uganda,UGA,434796.0
2993,3010,Uganda,UGA,260771.0
2993,3011,Uganda,UGA,493776.0
2993,3012,Uganda,UGA,198107.0
2993,3023,Uganda,UGA,1630196.0
2993,3014,Uganda,UGA,231004.0
2993,3015,Uganda,UGA,265687.0
2993,3016,Uganda,UGA,534185.0
2993,3017,Uganda,UGA,355075.0
2993,3018,Uganda,UGA,159501.0
2993,3019,Uganda,UGA,174932.0
2993,3020,Uganda,UGA,219837.0
2993,3021,Uganda,UGA,313857.0
2993,3022,Uganda,UGA,186689.0
2993,3024,Uganda,UGA,712531.0
2993,3025,Uganda,UGA,238793.0
2993,3026,Uganda,UGA,201785.0
2993,3027,Uganda,UGA,909087.0
2994,2981,Uganda,UGA,315038.0
2994,2971,Uganda,UGA,678207.0
2994,2972,Uganda,UGA,1286457.0
2994,2973,Uganda,UGA,555278.0
2994,2974,Uganda,UGA,554435.0
2994,2975,Uganda,UGA,594435.0
2994,2976,Uganda,UGA,719130.0
2994,2977,Uganda,UGA,652925.0
2994,2978,Uganda,UGA,657472.0
2994,2979,Uganda,UGA,477506.0
2994,2980,Uganda,UGA,710049.0
2994,2992,Uganda,UGA,406426.0
2994,2982,Uganda,UGA,576830.0
2994,2983,Uganda,UGA,608463.0
2994,2984,Uganda,UGA,474032.0
2994,2985,Uganda,UGA,564162.0
2994,2986,Uganda,UGA,368828.0
2994,2987,Uganda,UGA,493304.0
2994,2988,Uganda,UGA,390831.0
2994,2989,Uganda,UGA,424495.0
2994,2990,Uganda,UGA,444392.0
2994,2991,Uganda,UGA,627143.0
2994,3002,Uganda,UGA,353367.0
2994,2993,Uganda,UGA,352946.0
2994,2994,Uganda,UGA,2329569.0
2994,2995,Uganda,UGA,417006.0
2994,2996,Uganda,UGA,501161.0
2994,2997,Uganda,UGA,541729.0
2994,2998,Uganda,UGA,455674.0
2994,2999,Uganda,UGA,909148.0
2994,3000,Uganda,UGA,478519.0
2994,3001,Uganda,UGA,425963.0
2994,3013,Uganda,UGA,514927.0
2994,3003,Uganda,UGA,509343.0
2994,3004,Uganda,UGA,312499.0
2994,3005,Uganda,UGA,703336.0
2994,3006,Uganda,UGA,500906.0
2994,3007,Uganda,UGA,563387.0
2994,3008,Uganda,UGA,538529.0
2994,3009,Uganda,UGA,656266.0
2994,3010,Uganda,UGA,513064.0
2994,3011,Uganda,UGA,480856.0
2994,3012,Uganda,UGA,368251.0
2994,3023,Uganda,UGA,669760.0
2994,3014,Uganda,UGA,665535.0
2994,3015,Uganda,UGA,552375.0
2994,3016,Uganda,UGA,609176.0
2994,3017,Uganda,UGA,485915.0
2994,3018,Uganda,UGA,401224.0
2994,3019,Uganda,UGA,546618.0
2994,3020,Uganda,UGA,626521.0
2994,3021,Uganda,UGA,1053131.0
2994,3022,Uganda,UGA,287381.0
2994,3024,Uganda,UGA,601019.0
2994,3025,Uganda,UGA,579528.0
2994,3026,Uganda,UGA,448175.0
2994,3027,Uganda,UGA,479944.0
2995,2981,Uganda,UGA,546516.0
2995,2971,Uganda,UGA,252928.0
2995,2972,Uganda,UGA,299969.0
2995,2973,Uganda,UGA,199347.0
2995,2974,Uganda,UGA,242331.0
2995,2975,Uganda,UGA,3381411.0
2995,2976,Uganda,UGA,257503.0
2995,2977,Uganda,UGA,527218.0
2995,2978,Uganda,UGA,296756.0
2995,2979,Uganda,UGA,209729.0
2995,2980,Uganda,UGA,196312.0
2995,2992,Uganda,UGA,10004951.0
2995,2982,Uganda,UGA,643537.0
2995,2983,Uganda,UGA,254764.0
2995,2984,Uganda,UGA,916084.0
2995,2985,Uganda,UGA,187759.0
2995,2986,Uganda,UGA,226500.0
2995,2987,Uganda,UGA,262349.0
2995,2988,Uganda,UGA,209118.0
2995,2989,Uganda,UGA,2238191.0
2995,2990,Uganda,UGA,2122896.0
2995,2991,Uganda,UGA,786840.0
2995,3002,Uganda,UGA,337616.0
2995,2993,Uganda,UGA,179761.0
2995,2994,Uganda,UGA,417006.0
2995,2995,Uganda,UGA,16190538.0
2995,2996,Uganda,UGA,337413.0
2995,2997,Uganda,UGA,175203.0
2995,2998,Uganda,UGA,613279.0
2995,2999,Uganda,UGA,278930.0
2995,3000,Uganda,UGA,427648.0
2995,3001,Uganda,UGA,170951.0
2995,3013,Uganda,UGA,256997.0
2995,3003,Uganda,UGA,1158211.0
2995,3004,Uganda,UGA,535459.0
2995,3005,Uganda,UGA,228757.0
2995,3006,Uganda,UGA,235250.0
2995,3007,Uganda,UGA,271424.0
2995,3008,Uganda,UGA,933554.0
2995,3009,Uganda,UGA,604395.0
2995,3010,Uganda,UGA,759708.0
2995,3011,Uganda,UGA,193057.0
2995,3012,Uganda,UGA,1647244.0
2995,3023,Uganda,UGA,390195.0
2995,3014,Uganda,UGA,532304.0
2995,3015,Uganda,UGA,155255.0
2995,3016,Uganda,UGA,170945.0
2995,3017,Uganda,UGA,173332.0
2995,3018,Uganda,UGA,300306.0
2995,3019,Uganda,UGA,1093855.0
2995,3020,Uganda,UGA,516653.0
2995,3021,Uganda,UGA,271305.0
2995,3022,Uganda,UGA,397892.0
2995,3024,Uganda,UGA,283195.0
2995,3025,Uganda,UGA,274742.0
2995,3026,Uganda,UGA,2134001.0
2995,3027,Uganda,UGA,379467.0
2996,2981,Uganda,UGA,355858.0
2996,2971,Uganda,UGA,345619.0
2996,2972,Uganda,UGA,341546.0
2996,2973,Uganda,UGA,294324.0
2996,2974,Uganda,UGA,364690.0
2996,2975,Uganda,UGA,413955.0
2996,2976,Uganda,UGA,296267.0
2996,2977,Uganda,UGA,516000.0
2996,2978,Uganda,UGA,397490.0
2996,2979,Uganda,UGA,372460.0
2996,2980,Uganda,UGA,345443.0
2996,2992,Uganda,UGA,425791.0
2996,2982,Uganda,UGA,416157.0
2996,2983,Uganda,UGA,397355.0
2996,2984,Uganda,UGA,452786.0
2996,2985,Uganda,UGA,456485.0
2996,2986,Uganda,UGA,354821.0
2996,2987,Uganda,UGA,507220.0
2996,2988,Uganda,UGA,354592.0
2996,2989,Uganda,UGA,396812.0
2996,2990,Uganda,UGA,339703.0
2996,2991,Uganda,UGA,382294.0
2996,3002,Uganda,UGA,372271.0
2996,2993,Uganda,UGA,301294.0
2996,2994,Uganda,UGA,501161.0
2996,2995,Uganda,UGA,337413.0
2996,2996,Uganda,UGA,4823417.0
2996,2997,Uganda,UGA,350841.0
2996,2998,Uganda,UGA,956315.0
2996,2999,Uganda,UGA,389485.0
2996,3000,Uganda,UGA,294189.0
2996,3001,Uganda,UGA,290270.0
2996,3013,Uganda,UGA,306368.0
2996,3003,Uganda,UGA,377506.0
2996,3004,Uganda,UGA,369049.0
2996,3005,Uganda,UGA,437488.0
2996,3006,Uganda,UGA,418727.0
2996,3007,Uganda,UGA,363010.0
2996,3008,Uganda,UGA,347268.0
2996,3009,Uganda,UGA,1757246.0
2996,3010,Uganda,UGA,362834.0
2996,3011,Uganda,UGA,341035.0
2996,3012,Uganda,UGA,327131.0
2996,3023,Uganda,UGA,583007.0
2996,3014,Uganda,UGA,372555.0
2996,3015,Uganda,UGA,396067.0
2996,3016,Uganda,UGA,394189.0
2996,3017,Uganda,UGA,343897.0
2996,3018,Uganda,UGA,274624.0
2996,3019,Uganda,UGA,370306.0
2996,3020,Uganda,UGA,328106.0
2996,3021,Uganda,UGA,464387.0
2996,3022,Uganda,UGA,343486.0
2996,3024,Uganda,UGA,387609.0
2996,3025,Uganda,UGA,336224.0
2996,3026,Uganda,UGA,344799.0
2996,3027,Uganda,UGA,389555.0
2997,2981,Uganda,UGA,143598.0
2997,2971,Uganda,UGA,285012.0
2997,2972,Uganda,UGA,271861.0
2997,2973,Uganda,UGA,296648.0
2997,2974,Uganda,UGA,292889.0
2997,2975,Uganda,UGA,210657.0
2997,2976,Uganda,UGA,1549619.0
2997,2977,Uganda,UGA,523407.0
2997,2978,Uganda,UGA,294390.0
2997,2979,Uganda,UGA,256137.0
2997,2980,Uganda,UGA,254215.0
2997,2992,Uganda,UGA,230659.0
2997,2982,Uganda,UGA,231674.0
2997,2983,Uganda,UGA,332625.0
2997,2984,Uganda,UGA,235121.0
2997,2985,Uganda,UGA,335496.0
2997,2986,Uganda,UGA,241672.0
2997,2987,Uganda,UGA,443021.0
2997,2988,Uganda,UGA,339888.0
2997,2989,Uganda,UGA,173525.0
2997,2990,Uganda,UGA,227683.0
2997,2991,Uganda,UGA,210715.0
2997,3002,Uganda,UGA,152309.0
2997,2993,Uganda,UGA,217986.0
2997,2994,Uganda,UGA,541729.0
2997,2995,Uganda,UGA,175203.0
2997,2996,Uganda,UGA,350841.0
2997,2997,Uganda,UGA,6579791.0
2997,2998,Uganda,UGA,215231.0
2997,2999,Uganda,UGA,300342.0
2997,3000,Uganda,UGA,224598.0
2997,3001,Uganda,UGA,301422.0
2997,3013,Uganda,UGA,257960.0
2997,3003,Uganda,UGA,232883.0
2997,3004,Uganda,UGA,143208.0
2997,3005,Uganda,UGA,802767.0
2997,3006,Uganda,UGA,433437.0
2997,3007,Uganda,UGA,316900.0
2997,3008,Uganda,UGA,206743.0
2997,3009,Uganda,UGA,402119.0
2997,3010,Uganda,UGA,204817.0
2997,3011,Uganda,UGA,333242.0
2997,3012,Uganda,UGA,168622.0
2997,3023,Uganda,UGA,387563.0
2997,3014,Uganda,UGA,301151.0
2997,3015,Uganda,UGA,2941932.0
2997,3016,Uganda,UGA,310714.0
2997,3017,Uganda,UGA,2922727.0
2997,3018,Uganda,UGA,197885.0
2997,3019,Uganda,UGA,195411.0
2997,3020,Uganda,UGA,261873.0
2997,3021,Uganda,UGA,480142.0
2997,3022,Uganda,UGA,123215.0
2997,3024,Uganda,UGA,401082.0
2997,3025,Uganda,UGA,279536.0
2997,3026,Uganda,UGA,174510.0
2997,3027,Uganda,UGA,298705.0
2998,2981,Uganda,UGA,1372382.0
2998,2971,Uganda,UGA,266877.0
2998,2972,Uganda,UGA,281520.0
2998,2973,Uganda,UGA,307524.0
2998,2974,Uganda,UGA,458958.0
2998,2975,Uganda,UGA,425501.0
2998,2976,Uganda,UGA,272779.0
2998,2977,Uganda,UGA,502376.0
2998,2978,Uganda,UGA,303165.0
2998,2979,Uganda,UGA,309950.0
2998,2980,Uganda,UGA,296237.0
2998,2992,Uganda,UGA,1800300.0
2998,2982,Uganda,UGA,390227.0
2998,2983,Uganda,UGA,323340.0
2998,2984,Uganda,UGA,438704.0
2998,2985,Uganda,UGA,316079.0
2998,2986,Uganda,UGA,973916.0
2998,2987,Uganda,UGA,549431.0
2998,2988,Uganda,UGA,290617.0
2998,2989,Uganda,UGA,888045.0
2998,2990,Uganda,UGA,471445.0
2998,2991,Uganda,UGA,580354.0
2998,3002,Uganda,UGA,821673.0
2998,2993,Uganda,UGA,353994.0
2998,2994,Uganda,UGA,455674.0
2998,2995,Uganda,UGA,613279.0
2998,2996,Uganda,UGA,956315.0
2998,2997,Uganda,UGA,215231.0
2998,2998,Uganda,UGA,19737639.0
2998,2999,Uganda,UGA,305509.0
2998,3000,Uganda,UGA,255601.0
2998,3001,Uganda,UGA,315693.0
2998,3013,Uganda,UGA,208495.0
2998,3003,Uganda,UGA,465097.0
2998,3004,Uganda,UGA,708169.0
2998,3005,Uganda,UGA,289850.0
2998,3006,Uganda,UGA,323809.0
2998,3007,Uganda,UGA,381783.0
2998,3008,Uganda,UGA,291146.0
2998,3009,Uganda,UGA,938608.0
2998,3010,Uganda,UGA,1096111.0
2998,3011,Uganda,UGA,256096.0
2998,3012,Uganda,UGA,1307510.0
2998,3023,Uganda,UGA,430318.0
2998,3014,Uganda,UGA,377596.0
2998,3015,Uganda,UGA,267513.0
2998,3016,Uganda,UGA,301648.0
2998,3017,Uganda,UGA,249877.0
2998,3018,Uganda,UGA,276116.0
2998,3019,Uganda,UGA,322882.0
2998,3020,Uganda,UGA,298612.0
2998,3021,Uganda,UGA,373880.0
2998,3022,Uganda,UGA,858367.0
2998,3024,Uganda,UGA,359256.0
2998,3025,Uganda,UGA,264541.0
2998,3026,Uganda,UGA,1005587.0
2998,3027,Uganda,UGA,3673884.0
2999,2981,Uganda,UGA,242459.0
2999,2971,Uganda,UGA,2880704.0
2999,2972,Uganda,UGA,2028405.0
2999,2973,Uganda,UGA,230962.0
2999,2974,Uganda,UGA,300891.0
2999,2975,Uganda,UGA,460601.0
2999,2976,Uganda,UGA,407927.0
2999,2977,Uganda,UGA,446661.0
2999,2978,Uganda,UGA,1206490.0
2999,2979,Uganda,UGA,193262.0
2999,2980,Uganda,UGA,269831.0
2999,2992,Uganda,UGA,319606.0
2999,2982,Uganda,UGA,631695.0
2999,2983,Uganda,UGA,342103.0
2999,2984,Uganda,UGA,418266.0
2999,2985,Uganda,UGA,558859.0
2999,2986,Uganda,UGA,225321.0
2999,2987,Uganda,UGA,379503.0
2999,2988,Uganda,UGA,190901.0
2999,2989,Uganda,UGA,225792.0
2999,2990,Uganda,UGA,417393.0
2999,2991,Uganda,UGA,520766.0
2999,3002,Uganda,UGA,189211.0
2999,2993,Uganda,UGA,275018.0
2999,2994,Uganda,UGA,909148.0
2999,2995,Uganda,UGA,278930.0
2999,2996,Uganda,UGA,389485.0
2999,2997,Uganda,UGA,300342.0
2999,2998,Uganda,UGA,305509.0
2999,2999,Uganda,UGA,23575704.0
2999,3000,Uganda,UGA,458196.0
2999,3001,Uganda,UGA,203691.0
2999,3013,Uganda,UGA,1593887.0
2999,3003,Uganda,UGA,439748.0
2999,3004,Uganda,UGA,145090.0
2999,3005,Uganda,UGA,340527.0
2999,3006,Uganda,UGA,350103.0
2999,3007,Uganda,UGA,411195.0
2999,3008,Uganda,UGA,356148.0
2999,3009,Uganda,UGA,549468.0
2999,3010,Uganda,UGA,256319.0
2999,3011,Uganda,UGA,233676.0
2999,3012,Uganda,UGA,267740.0
2999,3023,Uganda,UGA,504229.0
2999,3014,Uganda,UGA,604312.0
2999,3015,Uganda,UGA,344626.0
2999,3016,Uganda,UGA,240528.0
2999,3017,Uganda,UGA,349978.0
2999,3018,Uganda,UGA,366399.0
2999,3019,Uganda,UGA,391432.0
2999,3020,Uganda,UGA,582030.0
2999,3021,Uganda,UGA,337489.0
2999,3022,Uganda,UGA,178946.0
2999,3024,Uganda,UGA,304099.0
2999,3025,Uganda,UGA,758267.0
2999,3026,Uganda,UGA,211555.0
2999,3027,Uganda,UGA,305771.0
3000,2981,Uganda,UGA,193730.0
3000,2971,Uganda,UGA,541672.0
3000,2972,Uganda,UGA,478891.0
3000,2973,Uganda,UGA,202424.0
3000,2974,Uganda,UGA,227929.0
3000,2975,Uganda,UGA,529261.0
3000,2976,Uganda,UGA,271057.0
3000,2977,Uganda,UGA,438296.0
3000,2978,Uganda,UGA,428583.0
3000,2979,Uganda,UGA,188883.0
3000,2980,Uganda,UGA,202174.0
3000,2992,Uganda,UGA,392427.0
3000,2982,Uganda,UGA,2015377.0
3000,2983,Uganda,UGA,265436.0
3000,2984,Uganda,UGA,777603.0
3000,2985,Uganda,UGA,338695.0
3000,2986,Uganda,UGA,186449.0
3000,2987,Uganda,UGA,289992.0
3000,2988,Uganda,UGA,166852.0
3000,2989,Uganda,UGA,272356.0
3000,2990,Uganda,UGA,736266.0
3000,2991,Uganda,UGA,1418899.0
3000,3002,Uganda,UGA,177178.0
3000,2993,Uganda,UGA,174610.0
3000,2994,Uganda,UGA,478519.0
3000,2995,Uganda,UGA,427648.0
3000,2996,Uganda,UGA,294189.0
3000,2997,Uganda,UGA,224598.0
3000,2998,Uganda,UGA,255601.0
3000,2999,Uganda,UGA,458196.0
3000,3000,Uganda,UGA,7948438.0
3000,3001,Uganda,UGA,171096.0
3000,3013,Uganda,UGA,507488.0
3000,3003,Uganda,UGA,1320331.0
3000,3004,Uganda,UGA,215838.0
3000,3005,Uganda,UGA,308424.0
3000,3006,Uganda,UGA,257685.0
3000,3007,Uganda,UGA,376935.0
3000,3008,Uganda,UGA,1652016.0
3000,3009,Uganda,UGA,344204.0
3000,3010,Uganda,UGA,311521.0
3000,3011,Uganda,UGA,176170.0
3000,3012,Uganda,UGA,271124.0
3000,3023,Uganda,UGA,344485.0
3000,3014,Uganda,UGA,5630648.0
3000,3015,Uganda,UGA,226074.0
3000,3016,Uganda,UGA,185704.0
3000,3017,Uganda,UGA,200994.0
3000,3018,Uganda,UGA,5821766.0
3000,3019,Uganda,UGA,926752.0
3000,3020,Uganda,UGA,1609379.0
3000,3021,Uganda,UGA,331396.0
3000,3022,Uganda,UGA,194626.0
3000,3024,Uganda,UGA,317913.0
3000,3025,Uganda,UGA,864388.0
3000,3026,Uganda,UGA,296700.0
3000,3027,Uganda,UGA,270814.0
3001,2981,Uganda,UGA,275347.0
3001,2971,Uganda,UGA,210562.0
3001,2972,Uganda,UGA,213922.0
3001,2973,Uganda,UGA,1284135.0
3001,2974,Uganda,UGA,631828.0
3001,2975,Uganda,UGA,181867.0
3001,2976,Uganda,UGA,285141.0
3001,2977,Uganda,UGA,412570.0
3001,2978,Uganda,UGA,220071.0
3001,2979,Uganda,UGA,1536308.0
3001,2980,Uganda,UGA,1202491.0
3001,2992,Uganda,UGA,215824.0
3001,2982,Uganda,UGA,226590.0
3001,2983,Uganda,UGA,658691.0
3001,2984,Uganda,UGA,218777.0
3001,2985,Uganda,UGA,210431.0
3001,2986,Uganda,UGA,384273.0
3001,2987,Uganda,UGA,304208.0
3001,2988,Uganda,UGA,651325.0
3001,2989,Uganda,UGA,174310.0
3001,2990,Uganda,UGA,218803.0
3001,2991,Uganda,UGA,215365.0
3001,3002,Uganda,UGA,169811.0
3001,2993,Uganda,UGA,524511.0
3001,2994,Uganda,UGA,425963.0
3001,2995,Uganda,UGA,170951.0
3001,2996,Uganda,UGA,290270.0
3001,2997,Uganda,UGA,301422.0
3001,2998,Uganda,UGA,315693.0
3001,2999,Uganda,UGA,203691.0
3001,3000,Uganda,UGA,171096.0
3001,3001,Uganda,UGA,2774204.0
3001,3013,Uganda,UGA,186714.0
3001,3003,Uganda,UGA,211987.0
3001,3004,Uganda,UGA,237727.0
3001,3005,Uganda,UGA,300761.0
3001,3006,Uganda,UGA,304309.0
3001,3007,Uganda,UGA,249116.0
3001,3008,Uganda,UGA,220871.0
3001,3009,Uganda,UGA,383229.0
3001,3010,Uganda,UGA,203868.0
3001,3011,Uganda,UGA,2998599.0
3001,3012,Uganda,UGA,204905.0
3001,3023,Uganda,UGA,554078.0
3001,3014,Uganda,UGA,264659.0
3001,3015,Uganda,UGA,500008.0
3001,3016,Uganda,UGA,1848085.0
3001,3017,Uganda,UGA,596039.0
3001,3018,Uganda,UGA,157036.0
3001,3019,Uganda,UGA,194494.0
3001,3020,Uganda,UGA,229905.0
3001,3021,Uganda,UGA,325198.0
3001,3022,Uganda,UGA,182371.0
3001,3024,Uganda,UGA,2995948.0
3001,3025,Uganda,UGA,239451.0
3001,3026,Uganda,UGA,165197.0
3001,3027,Uganda,UGA,348548.0
3013,2981,Uganda,UGA,191984.0
3013,2971,Uganda,UGA,3154413.0
3013,2972,Uganda,UGA,1034702.0
3013,2973,Uganda,UGA,221965.0
3013,2974,Uganda,UGA,223542.0
3013,2975,Uganda,UGA,488030.0
3013,2976,Uganda,UGA,289598.0
3013,2977,Uganda,UGA,430712.0
3013,2978,Uganda,UGA,791984.0
3013,2979,Uganda,UGA,204713.0
3013,2980,Uganda,UGA,200924.0
3013,2992,Uganda,UGA,242402.0
3013,2982,Uganda,UGA,427694.0
3013,2983,Uganda,UGA,247474.0
3013,2984,Uganda,UGA,377368.0
3013,2985,Uganda,UGA,367447.0
3013,2986,Uganda,UGA,201461.0
3013,2987,Uganda,UGA,365061.0
3013,2988,Uganda,UGA,188095.0
3013,2989,Uganda,UGA,201608.0
3013,2990,Uganda,UGA,362961.0
3013,2991,Uganda,UGA,304466.0
3013,3002,Uganda,UGA,149278.0
3013,2993,Uganda,UGA,176617.0
3013,2994,Uganda,UGA,514927.0
3013,2995,Uganda,UGA,256997.0
3013,2996,Uganda,UGA,306368.0
3013,2997,Uganda,UGA,257960.0
3013,2998,Uganda,UGA,208495.0
3013,2999,Uganda,UGA,1593887.0
3013,3000,Uganda,UGA,507488.0
3013,3001,Uganda,UGA,186714.0
3013,3013,Uganda,UGA,30759152.0
3013,3003,Uganda,UGA,363395.0
3013,3004,Uganda,UGA,131302.0
3013,3005,Uganda,UGA,313958.0
3013,3006,Uganda,UGA,263815.0
3013,3007,Uganda,UGA,378993.0
3013,3008,Uganda,UGA,195300.0
3013,3009,Uganda,UGA,242891.0
3013,3010,Uganda,UGA,214728.0
3013,3011,Uganda,UGA,254681.0
3013,3012,Uganda,UGA,196134.0
3013,3023,Uganda,UGA,307749.0
3013,3014,Uganda,UGA,709994.0
3013,3015,Uganda,UGA,261544.0
3013,3016,Uganda,UGA,229162.0
3013,3017,Uganda,UGA,303700.0
3013,3018,Uganda,UGA,401104.0
3013,3019,Uganda,UGA,310842.0
3013,3020,Uganda,UGA,983795.0
3013,3021,Uganda,UGA,311995.0
3013,3022,Uganda,UGA,112525.0
3013,3024,Uganda,UGA,299572.0
3013,3025,Uganda,UGA,2454782.0
3013,3026,Uganda,UGA,197223.0
3013,3027,Uganda,UGA,259678.0
3003,2981,Uganda,UGA,387552.0
3003,2971,Uganda,UGA,541752.0
3003,2972,Uganda,UGA,493966.0
3003,2973,Uganda,UGA,279686.0
3003,2974,Uganda,UGA,317692.0
3003,2975,Uganda,UGA,1342411.0
3003,2976,Uganda,UGA,184944.0
3003,2977,Uganda,UGA,684987.0
3003,2978,Uganda,UGA,482460.0
3003,2979,Uganda,UGA,191317.0
3003,2980,Uganda,UGA,292882.0
3003,2992,Uganda,UGA,962878.0
3003,2982,Uganda,UGA,2734168.0
3003,2983,Uganda,UGA,338729.0
3003,2984,Uganda,UGA,7337048.0
3003,2985,Uganda,UGA,269444.0
3003,2986,Uganda,UGA,281956.0
3003,2987,Uganda,UGA,322485.0
3003,2988,Uganda,UGA,219039.0
3003,2989,Uganda,UGA,1489200.0
3003,2990,Uganda,UGA,31568162.0
3003,2991,Uganda,UGA,2647890.0
3003,3002,Uganda,UGA,352831.0
3003,2993,Uganda,UGA,281450.0
3003,2994,Uganda,UGA,509343.0
3003,2995,Uganda,UGA,1158211.0
3003,2996,Uganda,UGA,377506.0
3003,2997,Uganda,UGA,232883.0
3003,2998,Uganda,UGA,465097.0
3003,2999,Uganda,UGA,439748.0
3003,3000,Uganda,UGA,1320331.0
3003,3001,Uganda,UGA,211987.0
3003,3013,Uganda,UGA,363395.0
3003,3003,Uganda,UGA,110108159.0
3003,3004,Uganda,UGA,410925.0
3003,3005,Uganda,UGA,379865.0
3003,3006,Uganda,UGA,300303.0
3003,3007,Uganda,UGA,422018.0
3003,3008,Uganda,UGA,51726478.0
3003,3009,Uganda,UGA,559027.0
3003,3010,Uganda,UGA,940281.0
3003,3011,Uganda,UGA,190418.0
3003,3012,Uganda,UGA,1040901.0
3003,3023,Uganda,UGA,479670.0
3003,3014,Uganda,UGA,1538166.0
3003,3015,Uganda,UGA,179810.0
3003,3016,Uganda,UGA,227968.0
3003,3017,Uganda,UGA,222687.0
3003,3018,Uganda,UGA,1367487.0
3003,3019,Uganda,UGA,4019665.0
3003,3020,Uganda,UGA,1002303.0
3003,3021,Uganda,UGA,358262.0
3003,3022,Uganda,UGA,384395.0
3003,3024,Uganda,UGA,496501.0
3003,3025,Uganda,UGA,626738.0
3003,3026,Uganda,UGA,1100998.0
3003,3027,Uganda,UGA,357957.0
3004,2981,Uganda,UGA,14560090.0
3004,2971,Uganda,UGA,149443.0
3004,2972,Uganda,UGA,182925.0
3004,2973,Uganda,UGA,176845.0
3004,2974,Uganda,UGA,177843.0
3004,2975,Uganda,UGA,227033.0
3004,2976,Uganda,UGA,134695.0
3004,2977,Uganda,UGA,435137.0
3004,2978,Uganda,UGA,239137.0
3004,2979,Uganda,UGA,336282.0
3004,2980,Uganda,UGA,114159.0
3004,2992,Uganda,UGA,436076.0
3004,2982,Uganda,UGA,328014.0
3004,2983,Uganda,UGA,208575.0
3004,2984,Uganda,UGA,291139.0
3004,2985,Uganda,UGA,258247.0
3004,2986,Uganda,UGA,215876.0
3004,2987,Uganda,UGA,258573.0
3004,2988,Uganda,UGA,143982.0
3004,2989,Uganda,UGA,703772.0
3004,2990,Uganda,UGA,487934.0
3004,2991,Uganda,UGA,389983.0
3004,3002,Uganda,UGA,4000526.0
3004,2993,Uganda,UGA,192150.0
3004,2994,Uganda,UGA,312499.0
3004,2995,Uganda,UGA,535459.0
3004,2996,Uganda,UGA,369049.0
3004,2997,Uganda,UGA,143208.0
3004,2998,Uganda,UGA,708169.0
3004,2999,Uganda,UGA,145090.0
3004,3000,Uganda,UGA,215838.0
3004,3001,Uganda,UGA,237727.0
3004,3013,Uganda,UGA,131302.0
3004,3003,Uganda,UGA,410925.0
3004,3004,Uganda,UGA,70403785.0
3004,3005,Uganda,UGA,244605.0
3004,3006,Uganda,UGA,230148.0
3004,3007,Uganda,UGA,373811.0
3004,3008,Uganda,UGA,311726.0
3004,3009,Uganda,UGA,299880.0
3004,3010,Uganda,UGA,1085572.0
3004,3011,Uganda,UGA,140106.0
3004,3012,Uganda,UGA,1023891.0
3004,3023,Uganda,UGA,433806.0
3004,3014,Uganda,UGA,205676.0
3004,3015,Uganda,UGA,138710.0
3004,3016,Uganda,UGA,193166.0
3004,3017,Uganda,UGA,184137.0
3004,3018,Uganda,UGA,168581.0
3004,3019,Uganda,UGA,324127.0
3004,3020,Uganda,UGA,265483.0
3004,3021,Uganda,UGA,271679.0
3004,3022,Uganda,UGA,4131458.0
3004,3024,Uganda,UGA,259020.0
3004,3025,Uganda,UGA,156724.0
3004,3026,Uganda,UGA,1076314.0
3004,3027,Uganda,UGA,243203.0
3005,2981,Uganda,UGA,192518.0
3005,2971,Uganda,UGA,379257.0
3005,2972,Uganda,UGA,346874.0
3005,2973,Uganda,UGA,339607.0
3005,2974,Uganda,UGA,413764.0
3005,2975,Uganda,UGA,243155.0
3005,2976,Uganda,UGA,631325.0
3005,2977,Uganda,UGA,586580.0
3005,2978,Uganda,UGA,398991.0
3005,2979,Uganda,UGA,331499.0
3005,2980,Uganda,UGA,349800.0
3005,2992,Uganda,UGA,278243.0
3005,2982,Uganda,UGA,272097.0
3005,2983,Uganda,UGA,395434.0
3005,2984,Uganda,UGA,243401.0
3005,2985,Uganda,UGA,423129.0
3005,2986,Uganda,UGA,297024.0
3005,2987,Uganda,UGA,519101.0
3005,2988,Uganda,UGA,305368.0
3005,2989,Uganda,UGA,256154.0
3005,2990,Uganda,UGA,334364.0
3005,2991,Uganda,UGA,305463.0
3005,3002,Uganda,UGA,218918.0
3005,2993,Uganda,UGA,301199.0
3005,2994,Uganda,UGA,703336.0
3005,2995,Uganda,UGA,228757.0
3005,2996,Uganda,UGA,437488.0
3005,2997,Uganda,UGA,802767.0
3005,2998,Uganda,UGA,289850.0
3005,2999,Uganda,UGA,340527.0
3005,3000,Uganda,UGA,308424.0
3005,3001,Uganda,UGA,300761.0
3005,3013,Uganda,UGA,313958.0
3005,3003,Uganda,UGA,379865.0
3005,3004,Uganda,UGA,244605.0
3005,3005,Uganda,UGA,5278178.0
3005,3006,Uganda,UGA,686413.0
3005,3007,Uganda,UGA,397027.0
3005,3008,Uganda,UGA,279156.0
3005,3009,Uganda,UGA,468878.0
3005,3010,Uganda,UGA,328049.0
3005,3011,Uganda,UGA,374618.0
3005,3012,Uganda,UGA,215907.0
3005,3023,Uganda,UGA,526177.0
3005,3014,Uganda,UGA,425705.0
3005,3015,Uganda,UGA,702666.0
3005,3016,Uganda,UGA,414757.0
3005,3017,Uganda,UGA,631692.0
3005,3018,Uganda,UGA,258980.0
3005,3019,Uganda,UGA,289566.0
3005,3020,Uganda,UGA,354588.0
3005,3021,Uganda,UGA,630641.0
3005,3022,Uganda,UGA,165242.0
3005,3024,Uganda,UGA,436445.0
3005,3025,Uganda,UGA,357023.0
3005,3026,Uganda,UGA,257062.0
3005,3027,Uganda,UGA,402008.0
3006,2981,Uganda,UGA,197123.0
3006,2971,Uganda,UGA,311722.0
3006,2972,Uganda,UGA,299308.0
3006,2973,Uganda,UGA,357995.0
3006,2974,Uganda,UGA,633346.0
3006,2975,Uganda,UGA,326635.0
3006,2976,Uganda,UGA,367476.0
3006,2977,Uganda,UGA,540555.0
3006,2978,Uganda,UGA,340243.0
3006,2979,Uganda,UGA,400276.0
3006,2980,Uganda,UGA,373729.0
3006,2992,Uganda,UGA,279828.0
3006,2982,Uganda,UGA,409052.0
3006,2983,Uganda,UGA,479985.0
3006,2984,Uganda,UGA,324867.0
3006,2985,Uganda,UGA,344451.0
3006,2986,Uganda,UGA,963246.0
3006,2987,Uganda,UGA,1009738.0
3006,2988,Uganda,UGA,408909.0
3006,2989,Uganda,UGA,251339.0
3006,2990,Uganda,UGA,286670.0
3006,2991,Uganda,UGA,325967.0
3006,3002,Uganda,UGA,193563.0
3006,2993,Uganda,UGA,989025.0
3006,2994,Uganda,UGA,500906.0
3006,2995,Uganda,UGA,235250.0
3006,2996,Uganda,UGA,418727.0
3006,2997,Uganda,UGA,433437.0
3006,2998,Uganda,UGA,323809.0
3006,2999,Uganda,UGA,350103.0
3006,3000,Uganda,UGA,257685.0
3006,3001,Uganda,UGA,304309.0
3006,3013,Uganda,UGA,263815.0
3006,3003,Uganda,UGA,300303.0
3006,3004,Uganda,UGA,230148.0
3006,3005,Uganda,UGA,686413.0
3006,3006,Uganda,UGA,9389425.0
3006,3007,Uganda,UGA,333133.0
3006,3008,Uganda,UGA,237012.0
3006,3009,Uganda,UGA,507801.0
3006,3010,Uganda,UGA,278066.0
3006,3011,Uganda,UGA,330204.0
3006,3012,Uganda,UGA,255818.0
3006,3023,Uganda,UGA,811279.0
3006,3014,Uganda,UGA,345216.0
3006,3015,Uganda,UGA,406571.0
3006,3016,Uganda,UGA,378114.0
3006,3017,Uganda,UGA,613580.0
3006,3018,Uganda,UGA,257712.0
3006,3019,Uganda,UGA,282966.0
3006,3020,Uganda,UGA,271620.0
3006,3021,Uganda,UGA,449515.0
3006,3022,Uganda,UGA,147107.0
3006,3024,Uganda,UGA,462630.0
3006,3025,Uganda,UGA,317054.0
3006,3026,Uganda,UGA,221475.0
3006,3027,Uganda,UGA,603267.0
3007,2981,Uganda,UGA,373350.0
3007,2971,Uganda,UGA,468378.0
3007,2972,Uganda,UGA,524553.0
3007,2973,Uganda,UGA,323516.0
3007,2974,Uganda,UGA,344225.0
3007,2975,Uganda,UGA,337711.0
3007,2976,Uganda,UGA,382437.0
3007,2977,Uganda,UGA,435345.0
3007,2978,Uganda,UGA,482868.0
3007,2979,Uganda,UGA,282815.0
3007,2980,Uganda,UGA,352092.0
3007,2992,Uganda,UGA,289697.0
3007,2982,Uganda,UGA,424333.0
3007,2983,Uganda,UGA,346969.0
3007,2984,Uganda,UGA,352876.0
3007,2985,Uganda,UGA,623328.0
3007,2986,Uganda,UGA,307641.0
3007,2987,Uganda,UGA,360902.0
3007,2988,Uganda,UGA,290784.0
3007,2989,Uganda,UGA,288284.0
3007,2990,Uganda,UGA,327587.0
3007,2991,Uganda,UGA,452064.0
3007,3002,Uganda,UGA,249220.0
3007,2993,Uganda,UGA,278368.0
3007,2994,Uganda,UGA,563387.0
3007,2995,Uganda,UGA,271424.0
3007,2996,Uganda,UGA,363010.0
3007,2997,Uganda,UGA,316900.0
3007,2998,Uganda,UGA,381783.0
3007,2999,Uganda,UGA,411195.0
3007,3000,Uganda,UGA,376935.0
3007,3001,Uganda,UGA,249116.0
3007,3013,Uganda,UGA,378993.0
3007,3003,Uganda,UGA,422018.0
3007,3004,Uganda,UGA,373811.0
3007,3005,Uganda,UGA,397027.0
3007,3006,Uganda,UGA,333133.0
3007,3007,Uganda,UGA,1070207.0
3007,3008,Uganda,UGA,366685.0
3007,3009,Uganda,UGA,370008.0
3007,3010,Uganda,UGA,314376.0
3007,3011,Uganda,UGA,296162.0
3007,3012,Uganda,UGA,288262.0
3007,3023,Uganda,UGA,393987.0
3007,3014,Uganda,UGA,503742.0
3007,3015,Uganda,UGA,342013.0
3007,3016,Uganda,UGA,331037.0
3007,3017,Uganda,UGA,317970.0
3007,3018,Uganda,UGA,334607.0
3007,3019,Uganda,UGA,392553.0
3007,3020,Uganda,UGA,522264.0
3007,3021,Uganda,UGA,423614.0
3007,3022,Uganda,UGA,255845.0
3007,3024,Uganda,UGA,376673.0
3007,3025,Uganda,UGA,485192.0
3007,3026,Uganda,UGA,257179.0
3007,3027,Uganda,UGA,334351.0
3008,2981,Uganda,UGA,276747.0
3008,2971,Uganda,UGA,560582.0
3008,2972,Uganda,UGA,468167.0
3008,2973,Uganda,UGA,189599.0
3008,2974,Uganda,UGA,302677.0
3008,2975,Uganda,UGA,784416.0
3008,2976,Uganda,UGA,125106.0
3008,2977,Uganda,UGA,579349.0
3008,2978,Uganda,UGA,347341.0
3008,2979,Uganda,UGA,267694.0
3008,2980,Uganda,UGA,384452.0
3008,2992,Uganda,UGA,718734.0
3008,2982,Uganda,UGA,10537235.0
3008,2983,Uganda,UGA,324600.0
3008,2984,Uganda,UGA,4508150.0
3008,2985,Uganda,UGA,266928.0
3008,2986,Uganda,UGA,254078.0
3008,2987,Uganda,UGA,222290.0
3008,2988,Uganda,UGA,367082.0
3008,2989,Uganda,UGA,794706.0
3008,2990,Uganda,UGA,13848001.0
3008,2991,Uganda,UGA,1401072.0
3008,3002,Uganda,UGA,224553.0
3008,2993,Uganda,UGA,203899.0
3008,2994,Uganda,UGA,538529.0
3008,2995,Uganda,UGA,933554.0
3008,2996,Uganda,UGA,347268.0
3008,2997,Uganda,UGA,206743.0
3008,2998,Uganda,UGA,291146.0
3008,2999,Uganda,UGA,356148.0
3008,3000,Uganda,UGA,1652016.0
3008,3001,Uganda,UGA,220871.0
3008,3013,Uganda,UGA,195300.0
3008,3003,Uganda,UGA,51726478.0
3008,3004,Uganda,UGA,311726.0
3008,3005,Uganda,UGA,279156.0
3008,3006,Uganda,UGA,237012.0
3008,3007,Uganda,UGA,366685.0
3008,3008,Uganda,UGA,170202533.0
3008,3009,Uganda,UGA,470336.0
3008,3010,Uganda,UGA,549083.0
3008,3011,Uganda,UGA,215455.0
3008,3012,Uganda,UGA,236164.0
3008,3023,Uganda,UGA,625450.0
3008,3014,Uganda,UGA,1802667.0
3008,3015,Uganda,UGA,393683.0
3008,3016,Uganda,UGA,168680.0
3008,3017,Uganda,UGA,463536.0
3008,3018,Uganda,UGA,2651019.0
3008,3019,Uganda,UGA,2163581.0
3008,3020,Uganda,UGA,1335441.0
3008,3021,Uganda,UGA,280537.0
3008,3022,Uganda,UGA,287942.0
3008,3024,Uganda,UGA,591884.0
3008,3025,Uganda,UGA,741593.0
3008,3026,Uganda,UGA,646997.0
3008,3027,Uganda,UGA,288339.0
3009,2981,Uganda,UGA,309156.0
3009,2971,Uganda,UGA,335679.0
3009,2972,Uganda,UGA,421328.0
3009,2973,Uganda,UGA,402704.0
3009,2974,Uganda,UGA,513797.0
3009,2975,Uganda,UGA,803857.0
3009,2976,Uganda,UGA,318966.0
3009,2977,Uganda,UGA,552280.0
3009,2978,Uganda,UGA,442936.0
3009,2979,Uganda,UGA,392596.0
3009,2980,Uganda,UGA,443453.0
3009,2992,Uganda,UGA,678709.0
3009,2982,Uganda,UGA,570619.0
3009,2983,Uganda,UGA,586456.0
3009,2984,Uganda,UGA,581048.0
3009,2985,Uganda,UGA,624084.0
3009,2986,Uganda,UGA,318787.0
3009,2987,Uganda,UGA,556250.0
3009,2988,Uganda,UGA,365484.0
3009,2989,Uganda,UGA,377441.0
3009,2990,Uganda,UGA,700843.0
3009,2991,Uganda,UGA,585168.0
3009,3002,Uganda,UGA,322312.0
3009,2993,Uganda,UGA,434796.0
3009,2994,Uganda,UGA,656266.0
3009,2995,Uganda,UGA,604395.0
3009,2996,Uganda,UGA,1757246.0
3009,2997,Uganda,UGA,402119.0
3009,2998,Uganda,UGA,938608.0
3009,2999,Uganda,UGA,549468.0
3009,3000,Uganda,UGA,344204.0
3009,3001,Uganda,UGA,383229.0
3009,3013,Uganda,UGA,242891.0
3009,3003,Uganda,UGA,559027.0
3009,3004,Uganda,UGA,299880.0
3009,3005,Uganda,UGA,468878.0
3009,3006,Uganda,UGA,507801.0
3009,3007,Uganda,UGA,370008.0
3009,3008,Uganda,UGA,470336.0
3009,3009,Uganda,UGA,19522413.0
3009,3010,Uganda,UGA,461533.0
3009,3011,Uganda,UGA,580930.0
3009,3012,Uganda,UGA,390515.0
3009,3023,Uganda,UGA,815107.0
3009,3014,Uganda,UGA,474371.0
3009,3015,Uganda,UGA,470078.0
3009,3016,Uganda,UGA,515116.0
3009,3017,Uganda,UGA,480038.0
3009,3018,Uganda,UGA,333304.0
3009,3019,Uganda,UGA,573049.0
3009,3020,Uganda,UGA,482360.0
3009,3021,Uganda,UGA,476353.0
3009,3022,Uganda,UGA,354494.0
3009,3024,Uganda,UGA,495120.0
3009,3025,Uganda,UGA,420278.0
3009,3026,Uganda,UGA,410490.0
3009,3027,Uganda,UGA,432951.0
3010,2981,Uganda,UGA,738301.0
3010,2971,Uganda,UGA,245156.0
3010,2972,Uganda,UGA,268385.0
3010,2973,Uganda,UGA,281779.0
3010,2974,Uganda,UGA,452850.0
3010,2975,Uganda,UGA,596508.0
3010,2976,Uganda,UGA,302105.0
3010,2977,Uganda,UGA,607169.0
3010,2978,Uganda,UGA,291990.0
3010,2979,Uganda,UGA,203481.0
3010,2980,Uganda,UGA,522607.0
3010,2992,Uganda,UGA,857064.0
3010,2982,Uganda,UGA,379031.0
3010,2983,Uganda,UGA,356342.0
3010,2984,Uganda,UGA,356809.0
3010,2985,Uganda,UGA,219890.0
3010,2986,Uganda,UGA,431068.0
3010,2987,Uganda,UGA,277465.0
3010,2988,Uganda,UGA,385107.0
3010,2989,Uganda,UGA,916932.0
3010,2990,Uganda,UGA,666517.0
3010,2991,Uganda,UGA,425665.0
3010,3002,Uganda,UGA,2070909.0
3010,2993,Uganda,UGA,260771.0
3010,2994,Uganda,UGA,513064.0
3010,2995,Uganda,UGA,759708.0
3010,2996,Uganda,UGA,362834.0
3010,2997,Uganda,UGA,204817.0
3010,2998,Uganda,UGA,1096111.0
3010,2999,Uganda,UGA,256319.0
3010,3000,Uganda,UGA,311521.0
3010,3001,Uganda,UGA,203868.0
3010,3013,Uganda,UGA,214728.0
3010,3003,Uganda,UGA,940281.0
3010,3004,Uganda,UGA,1085572.0
3010,3005,Uganda,UGA,328049.0
3010,3006,Uganda,UGA,278066.0
3010,3007,Uganda,UGA,314376.0
3010,3008,Uganda,UGA,549083.0
3010,3009,Uganda,UGA,461533.0
3010,3010,Uganda,UGA,46690294.0
3010,3011,Uganda,UGA,193242.0
3010,3012,Uganda,UGA,1039548.0
3010,3023,Uganda,UGA,606092.0
3010,3014,Uganda,UGA,441876.0
3010,3015,Uganda,UGA,176263.0
3010,3016,Uganda,UGA,210411.0
3010,3017,Uganda,UGA,268852.0
3010,3018,Uganda,UGA,238420.0
3010,3019,Uganda,UGA,456983.0
3010,3020,Uganda,UGA,386622.0
3010,3021,Uganda,UGA,331493.0
3010,3022,Uganda,UGA,834688.0
3010,3024,Uganda,UGA,338074.0
3010,3025,Uganda,UGA,346931.0
3010,3026,Uganda,UGA,1163946.0
3010,3027,Uganda,UGA,1049150.0
3011,2981,Uganda,UGA,164350.0
3011,2971,Uganda,UGA,218839.0
3011,2972,Uganda,UGA,232316.0
3011,2973,Uganda,UGA,4207147.0
3011,2974,Uganda,UGA,588824.0
3011,2975,Uganda,UGA,185948.0
3011,2976,Uganda,UGA,334796.0
3011,2977,Uganda,UGA,617364.0
3011,2978,Uganda,UGA,224463.0
3011,2979,Uganda,UGA,1011976.0
3011,2980,Uganda,UGA,3558150.0
3011,2992,Uganda,UGA,285302.0
3011,2982,Uganda,UGA,328358.0
3011,2983,Uganda,UGA,568834.0
3011,2984,Uganda,UGA,244984.0
3011,2985,Uganda,UGA,227147.0
3011,2986,Uganda,UGA,363694.0
3011,2987,Uganda,UGA,325258.0
3011,2988,Uganda,UGA,1156074.0
3011,2989,Uganda,UGA,152114.0
3011,2990,Uganda,UGA,209968.0
3011,2991,Uganda,UGA,181384.0
3011,3002,Uganda,UGA,135320.0
3011,2993,Uganda,UGA,493776.0
3011,2994,Uganda,UGA,480856.0
3011,2995,Uganda,UGA,193057.0
3011,2996,Uganda,UGA,341035.0
3011,2997,Uganda,UGA,333242.0
3011,2998,Uganda,UGA,256096.0
3011,2999,Uganda,UGA,233676.0
3011,3000,Uganda,UGA,176170.0
3011,3001,Uganda,UGA,2998599.0
3011,3013,Uganda,UGA,254681.0
3011,3003,Uganda,UGA,190418.0
3011,3004,Uganda,UGA,140106.0
3011,3005,Uganda,UGA,374618.0
3011,3006,Uganda,UGA,330204.0
3011,3007,Uganda,UGA,296162.0
3011,3008,Uganda,UGA,215455.0
3011,3009,Uganda,UGA,580930.0
3011,3010,Uganda,UGA,193242.0
3011,3011,Uganda,UGA,33154546.0
3011,3012,Uganda,UGA,132279.0
3011,3023,Uganda,UGA,614154.0
3011,3014,Uganda,UGA,328166.0
3011,3015,Uganda,UGA,514994.0
3011,3016,Uganda,UGA,5811735.0
3011,3017,Uganda,UGA,636662.0
3011,3018,Uganda,UGA,170348.0
3011,3019,Uganda,UGA,193572.0
3011,3020,Uganda,UGA,243061.0
3011,3021,Uganda,UGA,399709.0
3011,3022,Uganda,UGA,100898.0
3011,3024,Uganda,UGA,2533940.0
3011,3025,Uganda,UGA,240726.0
3011,3026,Uganda,UGA,159067.0
3011,3027,Uganda,UGA,350705.0
3012,2981,Uganda,UGA,1041057.0
3012,2971,Uganda,UGA,251783.0
3012,2972,Uganda,UGA,361845.0
3012,2973,Uganda,UGA,179696.0
3012,2974,Uganda,UGA,256938.0
3012,2975,Uganda,UGA,517265.0
3012,2976,Uganda,UGA,179893.0
3012,2977,Uganda,UGA,370694.0
3012,2978,Uganda,UGA,263446.0
3012,2979,Uganda,UGA,198032.0
3012,2980,Uganda,UGA,168059.0
3012,2992,Uganda,UGA,1378629.0
3012,2982,Uganda,UGA,357196.0
3012,2983,Uganda,UGA,380723.0
3012,2984,Uganda,UGA,533130.0
3012,2985,Uganda,UGA,206581.0
3012,2986,Uganda,UGA,313485.0
3012,2987,Uganda,UGA,240213.0
3012,2988,Uganda,UGA,456516.0
3012,2989,Uganda,UGA,6686948.0
3012,2990,Uganda,UGA,3470737.0
3012,2991,Uganda,UGA,600177.0
3012,3002,Uganda,UGA,650141.0
3012,2993,Uganda,UGA,198107.0
3012,2994,Uganda,UGA,368251.0
3012,2995,Uganda,UGA,1647244.0
3012,2996,Uganda,UGA,327131.0
3012,2997,Uganda,UGA,168622.0
3012,2998,Uganda,UGA,1307510.0
3012,2999,Uganda,UGA,267740.0
3012,3000,Uganda,UGA,271124.0
3012,3001,Uganda,UGA,204905.0
3012,3013,Uganda,UGA,196134.0
3012,3003,Uganda,UGA,1040901.0
3012,3004,Uganda,UGA,1023891.0
3012,3005,Uganda,UGA,215907.0
3012,3006,Uganda,UGA,255818.0
3012,3007,Uganda,UGA,288262.0
3012,3008,Uganda,UGA,236164.0
3012,3009,Uganda,UGA,390515.0
3012,3010,Uganda,UGA,1039548.0
3012,3011,Uganda,UGA,132279.0
3012,3012,Uganda,UGA,25859420.0
3012,3023,Uganda,UGA,258057.0
3012,3014,Uganda,UGA,373876.0
3012,3015,Uganda,UGA,147414.0
3012,3016,Uganda,UGA,125484.0
3012,3017,Uganda,UGA,98510.0
3012,3018,Uganda,UGA,206322.0
3012,3019,Uganda,UGA,708219.0
3012,3020,Uganda,UGA,548847.0
3012,3021,Uganda,UGA,257258.0
3012,3022,Uganda,UGA,1365798.0
3012,3024,Uganda,UGA,270144.0
3012,3025,Uganda,UGA,258293.0
3012,3026,Uganda,UGA,6236937.0
3012,3027,Uganda,UGA,418717.0
3023,2981,Uganda,UGA,300317.0
3023,2971,Uganda,UGA,431479.0
3023,2972,Uganda,UGA,392228.0
3023,2973,Uganda,UGA,511748.0
3023,2974,Uganda,UGA,4870174.0
3023,2975,Uganda,UGA,330119.0
3023,2976,Uganda,UGA,308700.0
3023,2977,Uganda,UGA,744794.0
3023,2978,Uganda,UGA,378499.0
3023,2979,Uganda,UGA,885159.0
3023,2980,Uganda,UGA,563483.0
3023,2992,Uganda,UGA,927185.0
3023,2982,Uganda,UGA,511609.0
3023,2983,Uganda,UGA,5396866.0
3023,2984,Uganda,UGA,544809.0
3023,2985,Uganda,UGA,325844.0
3023,2986,Uganda,UGA,1230609.0
3023,2987,Uganda,UGA,571482.0
3023,2988,Uganda,UGA,504424.0
3023,2989,Uganda,UGA,383165.0
3023,2990,Uganda,UGA,711323.0
3023,2991,Uganda,UGA,460108.0
3023,3002,Uganda,UGA,281073.0
3023,2993,Uganda,UGA,1630196.0
3023,2994,Uganda,UGA,669760.0
3023,2995,Uganda,UGA,390195.0
3023,2996,Uganda,UGA,583007.0
3023,2997,Uganda,UGA,387563.0
3023,2998,Uganda,UGA,430318.0
3023,2999,Uganda,UGA,504229.0
3023,3000,Uganda,UGA,344485.0
3023,3001,Uganda,UGA,554078.0
3023,3013,Uganda,UGA,307749.0
3023,3003,Uganda,UGA,479670.0
3023,3004,Uganda,UGA,433806.0
3023,3005,Uganda,UGA,526177.0
3023,3006,Uganda,UGA,811279.0
3023,3007,Uganda,UGA,393987.0
3023,3008,Uganda,UGA,625450.0
3023,3009,Uganda,UGA,815107.0
3023,3010,Uganda,UGA,606092.0
3023,3011,Uganda,UGA,614154.0
3023,3012,Uganda,UGA,258057.0
3023,3023,Uganda,UGA,90835819.0
3023,3014,Uganda,UGA,432240.0
3023,3015,Uganda,UGA,410403.0
3023,3016,Uganda,UGA,567105.0
3023,3017,Uganda,UGA,438452.0
3023,3018,Uganda,UGA,338562.0
3023,3019,Uganda,UGA,408574.0
3023,3020,Uganda,UGA,383011.0
3023,3021,Uganda,UGA,456070.0
3023,3022,Uganda,UGA,218343.0
3023,3024,Uganda,UGA,1202437.0
3023,3025,Uganda,UGA,375721.0
3023,3026,Uganda,UGA,357404.0
3023,3027,Uganda,UGA,733092.0
3014,2981,Uganda,UGA,256090.0
3014,2971,Uganda,UGA,931837.0
3014,2972,Uganda,UGA,693246.0
3014,2973,Uganda,UGA,264311.0
3014,2974,Uganda,UGA,387619.0
3014,2975,Uganda,UGA,819238.0
3014,2976,Uganda,UGA,383599.0
3014,2977,Uganda,UGA,587868.0
3014,2978,Uganda,UGA,671046.0
3014,2979,Uganda,UGA,238904.0
3014,2980,Uganda,UGA,323759.0
3014,2992,Uganda,UGA,488803.0
3014,2982,Uganda,UGA,2807548.0
3014,2983,Uganda,UGA,367610.0
3014,2984,Uganda,UGA,1463858.0
3014,2985,Uganda,UGA,483045.0
3014,2986,Uganda,UGA,285119.0
3014,2987,Uganda,UGA,473424.0
3014,2988,Uganda,UGA,250965.0
3014,2989,Uganda,UGA,497823.0
3014,2990,Uganda,UGA,993088.0
3014,2991,Uganda,UGA,2269436.0
3014,3002,Uganda,UGA,263321.0
3014,2993,Uganda,UGA,231004.0
3014,2994,Uganda,UGA,665535.0
3014,2995,Uganda,UGA,532304.0
3014,2996,Uganda,UGA,372555.0
3014,2997,Uganda,UGA,301151.0
3014,2998,Uganda,UGA,377596.0
3014,2999,Uganda,UGA,604312.0
3014,3000,Uganda,UGA,5630648.0
3014,3001,Uganda,UGA,264659.0
3014,3013,Uganda,UGA,709994.0
3014,3003,Uganda,UGA,1538166.0
3014,3004,Uganda,UGA,205676.0
3014,3005,Uganda,UGA,425705.0
3014,3006,Uganda,UGA,345216.0
3014,3007,Uganda,UGA,503742.0
3014,3008,Uganda,UGA,1802667.0
3014,3009,Uganda,UGA,474371.0
3014,3010,Uganda,UGA,441876.0
3014,3011,Uganda,UGA,328166.0
3014,3012,Uganda,UGA,373876.0
3014,3023,Uganda,UGA,432240.0
3014,3014,Uganda,UGA,11590260.0
3014,3015,Uganda,UGA,320251.0
3014,3016,Uganda,UGA,259424.0
3014,3017,Uganda,UGA,332055.0
3014,3018,Uganda,UGA,2926940.0
3014,3019,Uganda,UGA,1551952.0
3014,3020,Uganda,UGA,1633026.0
3014,3021,Uganda,UGA,449791.0
3014,3022,Uganda,UGA,265061.0
3014,3024,Uganda,UGA,450218.0
3014,3025,Uganda,UGA,1005512.0
3014,3026,Uganda,UGA,416420.0
3014,3027,Uganda,UGA,400770.0
3015,2981,Uganda,UGA,231317.0
3015,2971,Uganda,UGA,284640.0
3015,2972,Uganda,UGA,282646.0
3015,2973,Uganda,UGA,417262.0
3015,2974,Uganda,UGA,331736.0
3015,2975,Uganda,UGA,218048.0
3015,2976,Uganda,UGA,953043.0
3015,2977,Uganda,UGA,585723.0
3015,2978,Uganda,UGA,280171.0
3015,2979,Uganda,UGA,324757.0
3015,2980,Uganda,UGA,360627.0
3015,2992,Uganda,UGA,217459.0
3015,2982,Uganda,UGA,230388.0
3015,2983,Uganda,UGA,382030.0
3015,2984,Uganda,UGA,253706.0
3015,2985,Uganda,UGA,402544.0
3015,2986,Uganda,UGA,254390.0
3015,2987,Uganda,UGA,498857.0
3015,2988,Uganda,UGA,293363.0
3015,2989,Uganda,UGA,184930.0
3015,2990,Uganda,UGA,205554.0
3015,2991,Uganda,UGA,294827.0
3015,3002,Uganda,UGA,143435.0
3015,2993,Uganda,UGA,265687.0
3015,2994,Uganda,UGA,552375.0
3015,2995,Uganda,UGA,155255.0
3015,2996,Uganda,UGA,396067.0
3015,2997,Uganda,UGA,2941932.0
3015,2998,Uganda,UGA,267513.0
3015,2999,Uganda,UGA,344626.0
3015,3000,Uganda,UGA,226074.0
3015,3001,Uganda,UGA,500008.0
3015,3013,Uganda,UGA,261544.0
3015,3003,Uganda,UGA,179810.0
3015,3004,Uganda,UGA,138710.0
3015,3005,Uganda,UGA,702666.0
3015,3006,Uganda,UGA,406571.0
3015,3007,Uganda,UGA,342013.0
3015,3008,Uganda,UGA,393683.0
3015,3009,Uganda,UGA,470078.0
3015,3010,Uganda,UGA,176263.0
3015,3011,Uganda,UGA,514994.0
3015,3012,Uganda,UGA,147414.0
3015,3023,Uganda,UGA,410403.0
3015,3014,Uganda,UGA,320251.0
3015,3015,Uganda,UGA,18850787.0
3015,3016,Uganda,UGA,420411.0
3015,3017,Uganda,UGA,1872079.0
3015,3018,Uganda,UGA,249848.0
3015,3019,Uganda,UGA,230174.0
3015,3020,Uganda,UGA,330172.0
3015,3021,Uganda,UGA,484970.0
3015,3022,Uganda,UGA,106448.0
3015,3024,Uganda,UGA,538459.0
3015,3025,Uganda,UGA,312256.0
3015,3026,Uganda,UGA,171952.0
3015,3027,Uganda,UGA,309184.0
3016,2981,Uganda,UGA,164840.0
3016,2971,Uganda,UGA,220473.0
3016,2972,Uganda,UGA,252561.0
3016,2973,Uganda,UGA,4332764.0
3016,2974,Uganda,UGA,554387.0
3016,2975,Uganda,UGA,205917.0
3016,2976,Uganda,UGA,372973.0
3016,2977,Uganda,UGA,747350.0
3016,2978,Uganda,UGA,212954.0
3016,2979,Uganda,UGA,904642.0
3016,2980,Uganda,UGA,8302883.0
3016,2992,Uganda,UGA,344814.0
3016,2982,Uganda,UGA,198320.0
3016,2983,Uganda,UGA,575473.0
3016,2984,Uganda,UGA,207307.0
3016,2985,Uganda,UGA,214641.0
3016,2986,Uganda,UGA,354818.0
3016,2987,Uganda,UGA,447690.0
3016,2988,Uganda,UGA,1307219.0
3016,2989,Uganda,UGA,146244.0
3016,2990,Uganda,UGA,182356.0
3016,2991,Uganda,UGA,169461.0
3016,3002,Uganda,UGA,140165.0
3016,2993,Uganda,UGA,534185.0
3016,2994,Uganda,UGA,609176.0
3016,2995,Uganda,UGA,170945.0
3016,2996,Uganda,UGA,394189.0
3016,2997,Uganda,UGA,310714.0
3016,2998,Uganda,UGA,301648.0
3016,2999,Uganda,UGA,240528.0
3016,3000,Uganda,UGA,185704.0
3016,3001,Uganda,UGA,1848085.0
3016,3013,Uganda,UGA,229162.0
3016,3003,Uganda,UGA,227968.0
3016,3004,Uganda,UGA,193166.0
3016,3005,Uganda,UGA,414757.0
3016,3006,Uganda,UGA,378114.0
3016,3007,Uganda,UGA,331037.0
3016,3008,Uganda,UGA,168680.0
3016,3009,Uganda,UGA,515116.0
3016,3010,Uganda,UGA,210411.0
3016,3011,Uganda,UGA,5811735.0
3016,3012,Uganda,UGA,125484.0
3016,3023,Uganda,UGA,567105.0
3016,3014,Uganda,UGA,259424.0
3016,3015,Uganda,UGA,420411.0
3016,3016,Uganda,UGA,51599984.0
3016,3017,Uganda,UGA,426921.0
3016,3018,Uganda,UGA,177296.0
3016,3019,Uganda,UGA,190395.0
3016,3020,Uganda,UGA,264793.0
3016,3021,Uganda,UGA,461646.0
3016,3022,Uganda,UGA,99235.0
3016,3024,Uganda,UGA,2702169.0
3016,3025,Uganda,UGA,243512.0
3016,3026,Uganda,UGA,166627.0
3016,3027,Uganda,UGA,346866.0
3017,2981,Uganda,UGA,179490.0
3017,2971,Uganda,UGA,314691.0
3017,2972,Uganda,UGA,258381.0
3017,2973,Uganda,UGA,547756.0
3017,2974,Uganda,UGA,435868.0
3017,2975,Uganda,UGA,136678.0
3017,2976,Uganda,UGA,1103250.0
3017,2977,Uganda,UGA,564138.0
3017,2978,Uganda,UGA,330632.0
3017,2979,Uganda,UGA,498739.0
3017,2980,Uganda,UGA,365051.0
3017,2992,Uganda,UGA,227927.0
3017,2982,Uganda,UGA,188768.0
3017,2983,Uganda,UGA,463525.0
3017,2984,Uganda,UGA,202534.0
3017,2985,Uganda,UGA,321544.0
3017,2986,Uganda,UGA,517102.0
3017,2987,Uganda,UGA,600520.0
3017,2988,Uganda,UGA,313196.0
3017,2989,Uganda,UGA,226384.0
3017,2990,Uganda,UGA,241555.0
3017,2991,Uganda,UGA,181564.0
3017,3002,Uganda,UGA,148150.0
3017,2993,Uganda,UGA,355075.0
3017,2994,Uganda,UGA,485915.0
3017,2995,Uganda,UGA,173332.0
3017,2996,Uganda,UGA,343897.0
3017,2997,Uganda,UGA,2922727.0
3017,2998,Uganda,UGA,249877.0
3017,2999,Uganda,UGA,349978.0
3017,3000,Uganda,UGA,200994.0
3017,3001,Uganda,UGA,596039.0
3017,3013,Uganda,UGA,303700.0
3017,3003,Uganda,UGA,222687.0
3017,3004,Uganda,UGA,184137.0
3017,3005,Uganda,UGA,631692.0
3017,3006,Uganda,UGA,613580.0
3017,3007,Uganda,UGA,317970.0
3017,3008,Uganda,UGA,463536.0
3017,3009,Uganda,UGA,480038.0
3017,3010,Uganda,UGA,268852.0
3017,3011,Uganda,UGA,636662.0
3017,3012,Uganda,UGA,98510.0
3017,3023,Uganda,UGA,438452.0
3017,3014,Uganda,UGA,332055.0
3017,3015,Uganda,UGA,1872079.0
3017,3016,Uganda,UGA,426921.0
3017,3017,Uganda,UGA,37687871.0
3017,3018,Uganda,UGA,188365.0
3017,3019,Uganda,UGA,185425.0
3017,3020,Uganda,UGA,243295.0
3017,3021,Uganda,UGA,437595.0
3017,3022,Uganda,UGA,136148.0
3017,3024,Uganda,UGA,662031.0
3017,3025,Uganda,UGA,322144.0
3017,3026,Uganda,UGA,179828.0
3017,3027,Uganda,UGA,340055.0
3018,2981,Uganda,UGA,176053.0
3018,2971,Uganda,UGA,387084.0
3018,2972,Uganda,UGA,404962.0
3018,2973,Uganda,UGA,179154.0
3018,2974,Uganda,UGA,265914.0
3018,2975,Uganda,UGA,477254.0
3018,2976,Uganda,UGA,269249.0
3018,2977,Uganda,UGA,388110.0
3018,2978,Uganda,UGA,326154.0
3018,2979,Uganda,UGA,146625.0
3018,2980,Uganda,UGA,147989.0
3018,2992,Uganda,UGA,377023.0
3018,2982,Uganda,UGA,2879240.0
3018,2983,Uganda,UGA,237578.0
3018,2984,Uganda,UGA,671256.0
3018,2985,Uganda,UGA,352170.0
3018,2986,Uganda,UGA,171125.0
3018,2987,Uganda,UGA,267376.0
3018,2988,Uganda,UGA,123178.0
3018,2989,Uganda,UGA,187786.0
3018,2990,Uganda,UGA,561719.0
3018,2991,Uganda,UGA,1479903.0
3018,3002,Uganda,UGA,165423.0
3018,2993,Uganda,UGA,159501.0
3018,2994,Uganda,UGA,401224.0
3018,2995,Uganda,UGA,300306.0
3018,2996,Uganda,UGA,274624.0
3018,2997,Uganda,UGA,197885.0
3018,2998,Uganda,UGA,276116.0
3018,2999,Uganda,UGA,366399.0
3018,3000,Uganda,UGA,5821766.0
3018,3001,Uganda,UGA,157036.0
3018,3013,Uganda,UGA,401104.0
3018,3003,Uganda,UGA,1367487.0
3018,3004,Uganda,UGA,168581.0
3018,3005,Uganda,UGA,258980.0
3018,3006,Uganda,UGA,257712.0
3018,3007,Uganda,UGA,334607.0
3018,3008,Uganda,UGA,2651019.0
3018,3009,Uganda,UGA,333304.0
3018,3010,Uganda,UGA,238420.0
3018,3011,Uganda,UGA,170348.0
3018,3012,Uganda,UGA,206322.0
3018,3023,Uganda,UGA,338562.0
3018,3014,Uganda,UGA,2926940.0
3018,3015,Uganda,UGA,249848.0
3018,3016,Uganda,UGA,177296.0
3018,3017,Uganda,UGA,188365.0
3018,3018,Uganda,UGA,24305789.0
3018,3019,Uganda,UGA,702087.0
3018,3020,Uganda,UGA,1028002.0
3018,3021,Uganda,UGA,290898.0
3018,3022,Uganda,UGA,140924.0
3018,3024,Uganda,UGA,290373.0
3018,3025,Uganda,UGA,632218.0
3018,3026,Uganda,UGA,209278.0
3018,3027,Uganda,UGA,336052.0
3019,2981,Uganda,UGA,264779.0
3019,2971,Uganda,UGA,373486.0
3019,2972,Uganda,UGA,487458.0
3019,2973,Uganda,UGA,215439.0
3019,2974,Uganda,UGA,268728.0
3019,2975,Uganda,UGA,6499354.0
3019,2976,Uganda,UGA,430891.0
3019,2977,Uganda,UGA,573846.0
3019,2978,Uganda,UGA,436858.0
3019,2979,Uganda,UGA,201066.0
3019,2980,Uganda,UGA,381271.0
3019,2992,Uganda,UGA,832366.0
3019,2982,Uganda,UGA,1195956.0
3019,2983,Uganda,UGA,246792.0
3019,2984,Uganda,UGA,12986212.0
3019,2985,Uganda,UGA,265276.0
3019,2986,Uganda,UGA,233470.0
3019,2987,Uganda,UGA,254421.0
3019,2988,Uganda,UGA,203899.0
3019,2989,Uganda,UGA,663829.0
3019,2990,Uganda,UGA,2120811.0
3019,2991,Uganda,UGA,10183303.0
3019,3002,Uganda,UGA,243687.0
3019,2993,Uganda,UGA,174932.0
3019,2994,Uganda,UGA,546618.0
3019,2995,Uganda,UGA,1093855.0
3019,2996,Uganda,UGA,370306.0
3019,2997,Uganda,UGA,195411.0
3019,2998,Uganda,UGA,322882.0
3019,2999,Uganda,UGA,391432.0
3019,3000,Uganda,UGA,926752.0
3019,3001,Uganda,UGA,194494.0
3019,3013,Uganda,UGA,310842.0
3019,3003,Uganda,UGA,4019665.0
3019,3004,Uganda,UGA,324127.0
3019,3005,Uganda,UGA,289566.0
3019,3006,Uganda,UGA,282966.0
3019,3007,Uganda,UGA,392553.0
3019,3008,Uganda,UGA,2163581.0
3019,3009,Uganda,UGA,573049.0
3019,3010,Uganda,UGA,456983.0
3019,3011,Uganda,UGA,193572.0
3019,3012,Uganda,UGA,708219.0
3019,3023,Uganda,UGA,408574.0
3019,3014,Uganda,UGA,1551952.0
3019,3015,Uganda,UGA,230174.0
3019,3016,Uganda,UGA,190395.0
3019,3017,Uganda,UGA,185425.0
3019,3018,Uganda,UGA,702087.0
3019,3019,Uganda,UGA,20874131.0
3019,3020,Uganda,UGA,1155335.0
3019,3021,Uganda,UGA,344549.0
3019,3022,Uganda,UGA,285333.0
3019,3024,Uganda,UGA,384389.0
3019,3025,Uganda,UGA,555098.0
3019,3026,Uganda,UGA,701568.0
3019,3027,Uganda,UGA,327790.0
3020,2981,Uganda,UGA,287867.0
3020,2971,Uganda,UGA,800299.0
3020,2972,Uganda,UGA,700717.0
3020,2973,Uganda,UGA,262208.0
3020,2974,Uganda,UGA,345481.0
3020,2975,Uganda,UGA,678099.0
3020,2976,Uganda,UGA,323851.0
3020,2977,Uganda,UGA,576669.0
3020,2978,Uganda,UGA,600001.0
3020,2979,Uganda,UGA,232013.0
3020,2980,Uganda,UGA,263705.0
3020,2992,Uganda,UGA,482943.0
3020,2982,Uganda,UGA,1165962.0
3020,2983,Uganda,UGA,381712.0
3020,2984,Uganda,UGA,975420.0
3020,2985,Uganda,UGA,413123.0
3020,2986,Uganda,UGA,231031.0
3020,2987,Uganda,UGA,339038.0
3020,2988,Uganda,UGA,239691.0
3020,2989,Uganda,UGA,483324.0
3020,2990,Uganda,UGA,657996.0
3020,2991,Uganda,UGA,1369203.0
3020,3002,Uganda,UGA,199224.0
3020,2993,Uganda,UGA,219837.0
3020,2994,Uganda,UGA,626521.0
3020,2995,Uganda,UGA,516653.0
3020,2996,Uganda,UGA,328106.0
3020,2997,Uganda,UGA,261873.0
3020,2998,Uganda,UGA,298612.0
3020,2999,Uganda,UGA,582030.0
3020,3000,Uganda,UGA,1609379.0
3020,3001,Uganda,UGA,229905.0
3020,3013,Uganda,UGA,983795.0
3020,3003,Uganda,UGA,1002303.0
3020,3004,Uganda,UGA,265483.0
3020,3005,Uganda,UGA,354588.0
3020,3006,Uganda,UGA,271620.0
3020,3007,Uganda,UGA,522264.0
3020,3008,Uganda,UGA,1335441.0
3020,3009,Uganda,UGA,482360.0
3020,3010,Uganda,UGA,386622.0
3020,3011,Uganda,UGA,243061.0
3020,3012,Uganda,UGA,548847.0
3020,3023,Uganda,UGA,383011.0
3020,3014,Uganda,UGA,1633026.0
3020,3015,Uganda,UGA,330172.0
3020,3016,Uganda,UGA,264793.0
3020,3017,Uganda,UGA,243295.0
3020,3018,Uganda,UGA,1028002.0
3020,3019,Uganda,UGA,1155335.0
3020,3020,Uganda,UGA,25028914.0
3020,3021,Uganda,UGA,407827.0
3020,3022,Uganda,UGA,233202.0
3020,3024,Uganda,UGA,394018.0
3020,3025,Uganda,UGA,2052511.0
3020,3026,Uganda,UGA,425684.0
3020,3027,Uganda,UGA,338405.0
3021,2981,Uganda,UGA,277779.0
3021,2971,Uganda,UGA,379078.0
3021,2972,Uganda,UGA,373846.0
3021,2973,Uganda,UGA,425257.0
3021,2974,Uganda,UGA,453271.0
3021,2975,Uganda,UGA,317659.0
3021,2976,Uganda,UGA,463028.0
3021,2977,Uganda,UGA,539963.0
3021,2978,Uganda,UGA,383963.0
3021,2979,Uganda,UGA,346035.0
3021,2980,Uganda,UGA,441770.0
3021,2992,Uganda,UGA,298707.0
3021,2982,Uganda,UGA,350511.0
3021,2983,Uganda,UGA,423677.0
3021,2984,Uganda,UGA,305916.0
3021,2985,Uganda,UGA,430112.0
3021,2986,Uganda,UGA,303889.0
3021,2987,Uganda,UGA,480516.0
3021,2988,Uganda,UGA,352498.0
3021,2989,Uganda,UGA,292927.0
3021,2990,Uganda,UGA,311613.0
3021,2991,Uganda,UGA,362022.0
3021,3002,Uganda,UGA,252600.0
3021,2993,Uganda,UGA,313857.0
3021,2994,Uganda,UGA,1053131.0
3021,2995,Uganda,UGA,271305.0
3021,2996,Uganda,UGA,464387.0
3021,2997,Uganda,UGA,480142.0
3021,2998,Uganda,UGA,373880.0
3021,2999,Uganda,UGA,337489.0
3021,3000,Uganda,UGA,331396.0
3021,3001,Uganda,UGA,325198.0
3021,3013,Uganda,UGA,311995.0
3021,3003,Uganda,UGA,358262.0
3021,3004,Uganda,UGA,271679.0
3021,3005,Uganda,UGA,630641.0
3021,3006,Uganda,UGA,449515.0
3021,3007,Uganda,UGA,423614.0
3021,3008,Uganda,UGA,280537.0
3021,3009,Uganda,UGA,476353.0
3021,3010,Uganda,UGA,331493.0
3021,3011,Uganda,UGA,399709.0
3021,3012,Uganda,UGA,257258.0
3021,3023,Uganda,UGA,456070.0
3021,3014,Uganda,UGA,449791.0
3021,3015,Uganda,UGA,484970.0
3021,3016,Uganda,UGA,461646.0
3021,3017,Uganda,UGA,437595.0
3021,3018,Uganda,UGA,290898.0
3021,3019,Uganda,UGA,344549.0
3021,3020,Uganda,UGA,407827.0
3021,3021,Uganda,UGA,778160.0
3021,3022,Uganda,UGA,218428.0
3021,3024,Uganda,UGA,460622.0
3021,3025,Uganda,UGA,405163.0
3021,3026,Uganda,UGA,273501.0
3021,3027,Uganda,UGA,394759.0
3022,2981,Uganda,UGA,2052271.0
3022,2971,Uganda,UGA,156856.0
3022,2972,Uganda,UGA,163628.0
3022,2973,Uganda,UGA,119078.0
3022,2974,Uganda,UGA,152020.0
3022,2975,Uganda,UGA,193967.0
3022,2976,Uganda,UGA,233236.0
3022,2977,Uganda,UGA,276204.0
3022,2978,Uganda,UGA,223027.0
3022,2979,Uganda,UGA,215670.0
3022,2980,Uganda,UGA,140618.0
3022,2992,Uganda,UGA,510542.0
3022,2982,Uganda,UGA,218258.0
3022,2983,Uganda,UGA,202888.0
3022,2984,Uganda,UGA,215727.0
3022,2985,Uganda,UGA,144941.0
3022,2986,Uganda,UGA,223271.0
3022,2987,Uganda,UGA,185974.0
3022,2988,Uganda,UGA,88762.0
3022,2989,Uganda,UGA,833093.0
3022,2990,Uganda,UGA,574782.0
3022,2991,Uganda,UGA,658004.0
3022,3002,Uganda,UGA,7582159.0
3022,2993,Uganda,UGA,186689.0
3022,2994,Uganda,UGA,287381.0
3022,2995,Uganda,UGA,397892.0
3022,2996,Uganda,UGA,343486.0
3022,2997,Uganda,UGA,123215.0
3022,2998,Uganda,UGA,858367.0
3022,2999,Uganda,UGA,178946.0
3022,3000,Uganda,UGA,194626.0
3022,3001,Uganda,UGA,182371.0
3022,3013,Uganda,UGA,112525.0
3022,3003,Uganda,UGA,384395.0
3022,3004,Uganda,UGA,4131458.0
3022,3005,Uganda,UGA,165242.0
3022,3006,Uganda,UGA,147107.0
3022,3007,Uganda,UGA,255845.0
3022,3008,Uganda,UGA,287942.0
3022,3009,Uganda,UGA,354494.0
3022,3010,Uganda,UGA,834688.0
3022,3011,Uganda,UGA,100898.0
3022,3012,Uganda,UGA,1365798.0
3022,3023,Uganda,UGA,218343.0
3022,3014,Uganda,UGA,265061.0
3022,3015,Uganda,UGA,106448.0
3022,3016,Uganda,UGA,99235.0
3022,3017,Uganda,UGA,136148.0
3022,3018,Uganda,UGA,140924.0
3022,3019,Uganda,UGA,285333.0
3022,3020,Uganda,UGA,233202.0
3022,3021,Uganda,UGA,218428.0
3022,3022,Uganda,UGA,41571010.0
3022,3024,Uganda,UGA,160785.0
3022,3025,Uganda,UGA,144762.0
3022,3026,Uganda,UGA,638310.0
3022,3027,Uganda,UGA,222960.0
3024,2981,Uganda,UGA,227248.0
3024,2971,Uganda,UGA,365446.0
3024,2972,Uganda,UGA,360922.0
3024,2973,Uganda,UGA,1514878.0
3024,2974,Uganda,UGA,1066444.0
3024,2975,Uganda,UGA,267216.0
3024,2976,Uganda,UGA,396221.0
3024,2977,Uganda,UGA,662252.0
3024,2978,Uganda,UGA,415798.0
3024,2979,Uganda,UGA,1342810.0
3024,2980,Uganda,UGA,1754014.0
3024,2992,Uganda,UGA,327481.0
3024,2982,Uganda,UGA,1001185.0
3024,2983,Uganda,UGA,1731761.0
3024,2984,Uganda,UGA,410200.0
3024,2985,Uganda,UGA,297621.0
3024,2986,Uganda,UGA,599525.0
3024,2987,Uganda,UGA,402424.0
3024,2988,Uganda,UGA,839722.0
3024,2989,Uganda,UGA,381301.0
3024,2990,Uganda,UGA,397695.0
3024,2991,Uganda,UGA,360318.0
3024,3002,Uganda,UGA,214619.0
3024,2993,Uganda,UGA,712531.0
3024,2994,Uganda,UGA,601019.0
3024,2995,Uganda,UGA,283195.0
3024,2996,Uganda,UGA,387609.0
3024,2997,Uganda,UGA,401082.0
3024,2998,Uganda,UGA,359256.0
3024,2999,Uganda,UGA,304099.0
3024,3000,Uganda,UGA,317913.0
3024,3001,Uganda,UGA,2995948.0
3024,3013,Uganda,UGA,299572.0
3024,3003,Uganda,UGA,496501.0
3024,3004,Uganda,UGA,259020.0
3024,3005,Uganda,UGA,436445.0
3024,3006,Uganda,UGA,462630.0
3024,3007,Uganda,UGA,376673.0
3024,3008,Uganda,UGA,591884.0
3024,3009,Uganda,UGA,495120.0
3024,3010,Uganda,UGA,338074.0
3024,3011,Uganda,UGA,2533940.0
3024,3012,Uganda,UGA,270144.0
3024,3023,Uganda,UGA,1202437.0
3024,3014,Uganda,UGA,450218.0
3024,3015,Uganda,UGA,538459.0
3024,3016,Uganda,UGA,2702169.0
3024,3017,Uganda,UGA,662031.0
3024,3018,Uganda,UGA,290373.0
3024,3019,Uganda,UGA,384389.0
3024,3020,Uganda,UGA,394018.0
3024,3021,Uganda,UGA,460622.0
3024,3022,Uganda,UGA,160785.0
3024,3024,Uganda,UGA,16354105.0
3024,3025,Uganda,UGA,425752.0
3024,3026,Uganda,UGA,309410.0
3024,3027,Uganda,UGA,549857.0
3025,2981,Uganda,UGA,198914.0
3025,2971,Uganda,UGA,996873.0
3025,2972,Uganda,UGA,756947.0
3025,2973,Uganda,UGA,224281.0
3025,2974,Uganda,UGA,321469.0
3025,2975,Uganda,UGA,394853.0
3025,2976,Uganda,UGA,264731.0
3025,2977,Uganda,UGA,506316.0
3025,2978,Uganda,UGA,595981.0
3025,2979,Uganda,UGA,287931.0
3025,2980,Uganda,UGA,266208.0
3025,2992,Uganda,UGA,324499.0
3025,2982,Uganda,UGA,798801.0
3025,2983,Uganda,UGA,321870.0
3025,2984,Uganda,UGA,488874.0
3025,2985,Uganda,UGA,453464.0
3025,2986,Uganda,UGA,224084.0
3025,2987,Uganda,UGA,461183.0
3025,2988,Uganda,UGA,320710.0
3025,2989,Uganda,UGA,310802.0
3025,2990,Uganda,UGA,423695.0
3025,2991,Uganda,UGA,607117.0
3025,3002,Uganda,UGA,200392.0
3025,2993,Uganda,UGA,238793.0
3025,2994,Uganda,UGA,579528.0
3025,2995,Uganda,UGA,274742.0
3025,2996,Uganda,UGA,336224.0
3025,2997,Uganda,UGA,279536.0
3025,2998,Uganda,UGA,264541.0
3025,2999,Uganda,UGA,758267.0
3025,3000,Uganda,UGA,864388.0
3025,3001,Uganda,UGA,239451.0
3025,3013,Uganda,UGA,2454782.0
3025,3003,Uganda,UGA,626738.0
3025,3004,Uganda,UGA,156724.0
3025,3005,Uganda,UGA,357023.0
3025,3006,Uganda,UGA,317054.0
3025,3007,Uganda,UGA,485192.0
3025,3008,Uganda,UGA,741593.0
3025,3009,Uganda,UGA,420278.0
3025,3010,Uganda,UGA,346931.0
3025,3011,Uganda,UGA,240726.0
3025,3012,Uganda,UGA,258293.0
3025,3023,Uganda,UGA,375721.0
3025,3014,Uganda,UGA,1005512.0
3025,3015,Uganda,UGA,312256.0
3025,3016,Uganda,UGA,243512.0
3025,3017,Uganda,UGA,322144.0
3025,3018,Uganda,UGA,632218.0
3025,3019,Uganda,UGA,555098.0
3025,3020,Uganda,UGA,2052511.0
3025,3021,Uganda,UGA,405163.0
3025,3022,Uganda,UGA,144762.0
3025,3024,Uganda,UGA,425752.0
3025,3025,Uganda,UGA,33528069.0
3025,3026,Uganda,UGA,263435.0
3025,3027,Uganda,UGA,328322.0
3026,2981,Uganda,UGA,1408448.0
3026,2971,Uganda,UGA,220683.0
3026,2972,Uganda,UGA,270195.0
3026,2973,Uganda,UGA,182357.0
3026,2974,Uganda,UGA,250662.0
3026,2975,Uganda,UGA,926181.0
3026,2976,Uganda,UGA,215883.0
3026,2977,Uganda,UGA,441811.0
3026,2978,Uganda,UGA,249716.0
3026,2979,Uganda,UGA,205254.0
3026,2980,Uganda,UGA,236345.0
3026,2992,Uganda,UGA,2114646.0
3026,2982,Uganda,UGA,444415.0
3026,2983,Uganda,UGA,249851.0
3026,2984,Uganda,UGA,642680.0
3026,2985,Uganda,UGA,209556.0
3026,2986,Uganda,UGA,263680.0
3026,2987,Uganda,UGA,244859.0
3026,2988,Uganda,UGA,226391.0
3026,2989,Uganda,UGA,9766055.0
3026,2990,Uganda,UGA,2509489.0
3026,2991,Uganda,UGA,514707.0
3026,3002,Uganda,UGA,453715.0
3026,2993,Uganda,UGA,201785.0
3026,2994,Uganda,UGA,448175.0
3026,2995,Uganda,UGA,2134001.0
3026,2996,Uganda,UGA,344799.0
3026,2997,Uganda,UGA,174510.0
3026,2998,Uganda,UGA,1005587.0
3026,2999,Uganda,UGA,211555.0
3026,3000,Uganda,UGA,296700.0
3026,3001,Uganda,UGA,165197.0
3026,3013,Uganda,UGA,197223.0
3026,3003,Uganda,UGA,1100998.0
3026,3004,Uganda,UGA,1076314.0
3026,3005,Uganda,UGA,257062.0
3026,3006,Uganda,UGA,221475.0
3026,3007,Uganda,UGA,257179.0
3026,3008,Uganda,UGA,646997.0
3026,3009,Uganda,UGA,410490.0
3026,3010,Uganda,UGA,1163946.0
3026,3011,Uganda,UGA,159067.0
3026,3012,Uganda,UGA,6236937.0
3026,3023,Uganda,UGA,357404.0
3026,3014,Uganda,UGA,416420.0
3026,3015,Uganda,UGA,171952.0
3026,3016,Uganda,UGA,166627.0
3026,3017,Uganda,UGA,179828.0
3026,3018,Uganda,UGA,209278.0
3026,3019,Uganda,UGA,701568.0
3026,3020,Uganda,UGA,425684.0
3026,3021,Uganda,UGA,273501.0
3026,3022,Uganda,UGA,638310.0
3026,3024,Uganda,UGA,309410.0
3026,3025,Uganda,UGA,263435.0
3026,3026,Uganda,UGA,14269925.0
3026,3027,Uganda,UGA,417288.0
3027,2981,Uganda,UGA,384050.0
3027,2971,Uganda,UGA,324175.0
3027,2972,Uganda,UGA,338218.0
3027,2973,Uganda,UGA,403236.0
3027,2974,Uganda,UGA,1062202.0
3027,2975,Uganda,UGA,252288.0
3027,2976,Uganda,UGA,361592.0
3027,2977,Uganda,UGA,635976.0
3027,2978,Uganda,UGA,358760.0
3027,2979,Uganda,UGA,567058.0
3027,2980,Uganda,UGA,398423.0
3027,2992,Uganda,UGA,681223.0
3027,2982,Uganda,UGA,334067.0
3027,2983,Uganda,UGA,521783.0
3027,2984,Uganda,UGA,390159.0
3027,2985,Uganda,UGA,328543.0
3027,2986,Uganda,UGA,6470843.0
3027,2987,Uganda,UGA,1582001.0
3027,2988,Uganda,UGA,469525.0
3027,2989,Uganda,UGA,422775.0
3027,2990,Uganda,UGA,301604.0
3027,2991,Uganda,UGA,378781.0
3027,3002,Uganda,UGA,284210.0
3027,2993,Uganda,UGA,909087.0
3027,2994,Uganda,UGA,479944.0
3027,2995,Uganda,UGA,379467.0
3027,2996,Uganda,UGA,389555.0
3027,2997,Uganda,UGA,298705.0
3027,2998,Uganda,UGA,3673884.0
3027,2999,Uganda,UGA,305771.0
3027,3000,Uganda,UGA,270814.0
3027,3001,Uganda,UGA,348548.0
3027,3013,Uganda,UGA,259678.0
3027,3003,Uganda,UGA,357957.0
3027,3004,Uganda,UGA,243203.0
3027,3005,Uganda,UGA,402008.0
3027,3006,Uganda,UGA,603267.0
3027,3007,Uganda,UGA,334351.0
3027,3008,Uganda,UGA,288339.0
3027,3009,Uganda,UGA,432951.0
3027,3010,Uganda,UGA,1049150.0
3027,3011,Uganda,UGA,350705.0
3027,3012,Uganda,UGA,418717.0
3027,3023,Uganda,UGA,733092.0
3027,3014,Uganda,UGA,400770.0
3027,3015,Uganda,UGA,309184.0
3027,3016,Uganda,UGA,346866.0
3027,3017,Uganda,UGA,340055.0
3027,3018,Uganda,UGA,336052.0
3027,3019,Uganda,UGA,327790.0
3027,3020,Uganda,UGA,338405.0
3027,3021,Uganda,UGA,394759.0
3027,3022,Uganda,UGA,222960.0
3027,3024,Uganda,UGA,549857.0
3027,3025,Uganda,UGA,328322.0
3027,3026,Uganda,UGA,417288.0
3027,3027,Uganda,UGA,25632095.0
